15720 5141 16854 708 1904 1278 7723 7597 12306 19377 5535 13330 2717 7524 19243 7549 493 8465 4181 16199
18630 13100 19690 12160 16255 16705 4046 9304 771 17448 4025 8675 16165 17281 3886 2393 3892 9197 5853 8
6327 16580 1360 6903 2551 11725 411 3446 5654 1160 12 1 1 1 1 1 1 1 1 1
19569 15438 4470 5305 5068 13872 9447 5535 1654 947 14789 4040 13630 16956 14807 10283 1497 7877 5154 204
16481 9269 1995 3404 16550 5454 29 14803 11592 17430 10381 17773 13293 932 222 1 1 1 1 1
14510 12102 6069 16038 1592 14053 3851 5105 6419 5991 1468 17809 13628 14673 19321 16457 8139 18235 12634 3678
1591 5583 17301 8748 10879 14180 2341 5054 13446 14 14788 27 1 1 1 1 1 1 1 1
103 3132 8239 11092 13669 8863 12434 9355 11243 16960 12533 6150 203 17720 1544 395 1281 233 1 1
18517 13277 15404 4721 1299 16139 2288 3324 6451 17716 12750 4415 7021 10552 123 198 19173 1 1 1
1883 171 11860 10629 13464 930 9039 1307 5420 8942 18300 18085 2089 2375 206 1 1 1 1 1
12074 17446 12483 19127 9224 6577 19847 18323 9187 17651 3007 18806 18499 12827 12410 18113 11421 2212 9059 2622
16743 1258 13995 1679 19445 12590 16597 10949 18511 7173 14868 3615 9965 16209 4215 8287 12610 10954 10540 12239
2980 3725 18769 16184 6579 6177 7521 11190 10536 6584 5619 6304 11418 11690 848 17735 18335 7893 19179 17958
9222 7719 3396 18159 5359 11804 11678 16387 19138 9616 17411 6798 11605 2164 11630 4574 12546 8262 839 16304
17181 1084 16241 13327 13893 8127 13385 4852 3607 3789 12756 1369 14251 3473 6474 7973 13278 13186 5038 12758
2747 3920 10984 485 935 4492 7527 9735 18713 11293 19657 8381 1511 9894 18061 5892 5285 14200 10648 5237
810 6041 9386 9149 17953 1815 9616 5735 5028 18870 626 17711 1466 593 113 1 1 1 1 1
594 6076 7485 17468 9535 4110 18884 15673 10685 14462 2902 17374 1186 10083 114 18137 16387 7999 15548 13754
16183 10150 2029 780 6034 13400 9186 10500 1660 5549 18053 17709 18754 6042 6577 18613 3724 3710 7759 10706
9664 16717 12829 14960 18261 6422 9135 17527 4095 18869 2039 6203 15112 296 12842 1 1 1 1 1
7213 12320 15173 18056 12944 16515 13436 15324 4587 16614 1341 4284 17133 5625 4476 196 4314 13758 12958 7898
1822 19485 8802 5380 9366 6369 7405 10532 1 1 1 1 1 1 1 1 1 1 1 1
11727 15941 14710 17545 5011 13120 17999 9501 13023 1538 7682 6170 14038 7558 14068 3537 3950 8305 10431 15722
12094 16564 3925 13305 1265 4356 6248 13268 6788 65 2315 9759 16908 16491 18802 15502 6293 11294 6703 8744
5339 18076 5760 17615 16671 4077 2553 9241 11254 18949 3036 10715 14292 2018 2343 16691 15035 789 16320 15539
7806 15078 2245 10660 10258 11602 15271 2741 10665 9700 10385 15499 439 4929 2728 9051 11417 3191 199 1812
11800 2999 414 9440 15885 15759 18076 4707 13697 12126 10879 15686 6245 15711 1965 16627 5656 4920 2188 7383
5165 17520 7782 17974 851 17466 8933 7688 12187 1641 36 767 12048 10555 112 17359 17267 9119 534 19669
8001 471 4566 5016 8573 11608 13816 5759 15374 10282 12462 5592 13975 10566 9973 9366 18281 14729 97 8227
10122 13467 13230 36 5935 13697 9816 2943 4528 3887 17211 5547 7580 2291 5837 7164 13316 8366 5853 17325
10157 11566 2237 13616 8191 1284 19754 2426 18543 6983 15371 17301 14164 4195 622 415 12080 19629 17835 600
14231 6110 1698 10115 17481 13267 14581 5741 9630 6084 1604 15738 10123 10658 2367 1969 7791 4034 14787 18365
5438 16910 4541 2364 10503 13216 3512 16255 16529 6120 1939 2984 7632 16923 573 8316 945 671 1 1
5612 19254 19151 2491 17619 17517 1757 8668 3099 5422 8365 2545 9706 8557 3995 8395 17839 2261 11979 19238
8769 1459 9461 13447 745 11486 14613 5271 844 12577 15183 18714 10363 8360 16445 14353 11740 15262 14751 6173
3715 18791 9264 9092 17201 9469 12580 15153 1061 3326 10251 18119 11639 167 7484 8031 3768 14512 19803 4408
171 9592 17386 5346 9739 2229 17349 6361 6611 6396 2719 18391 7927 13304 19583 3418 17221 1210 13293 11
794 9841 3920 5257 8158 19111 13322 15335 13658 11777 632 18373 721 6424 15490 19116 4870 18867 19620 19342
2306 6326 14741 14339 4908 19352 6822 14746 3179 14466 19580 4520 9010 6809 13132 15498 7272 550 19565 15750
7080 4495 13521 4438 19840 6241 10597 17778 16207 1 1 1 1 1 1 1 1 1 1 1
435 14673 19311 115 15786 2306 11769 11951 5722 4117 10223 16129 14636 3837 857 1 1 1 1 1
4552 8647 2204 12654 1696 17897 9840 19455 14363 16543 9673 18056 3515 14054 1589 1497 18810 5887 3899 8140
17548 17311 4117 9977 17778 13897 7024 8609 7968 7722 9628 11661 6372 13740 11245 2511 12447 9924 18633 6250
15647 6318 17697 12272 3293 13960 6507 7181 2322 19452 9348 18245 1217 4703 3086 16161 16572 15 1555 10174
10191 8942 14196 16094 17348 3984 9822 2773 10165 5685 19819 14204 18323 6448 4698 11872 3859 18868 10541 7814
8430 3689 6445 14584 17297 7593 12257 719 10201 6020 7065 11713 8849 6924 12397 5026 10834 18787 2595 13617
1140 19835 6572 19551 1514 5838 12749 7180 9503 12446 3423 13787 12638 13524 12476 18063 6342 16060 1600 627
3484 13542 1255 14531 1747 18694 9352 4925 16658 19264 10112 14444 12441 12892 12629 15821 19343 18832 10254 7270
15465 13345 13173 8640 13550 16661 19234 5142 7407 14332 2944 15720 4248 675 12112 7849 18593 15079 8489 19594
3021 5856 456 1431 6310 17588 1334 10692 10477 2571 14264 12008 2379 6742 7499 19456 991 16906 12911 1092
13922 1616 9338 12239 10715 1579 19416 17739 15858 10891 2621 4802 10505 3813 2158 1451 17225 11233 15991 5493
12290 18822 18420 19764 3341 10903 18827 7260 18547 2357 8601 13091 679 5 9 1 1 1 1 1
8576 17602 8519 4830 14631 2928 12412 16960 19041 3810 14407 2582 10127 19817 13818 13082 10350 3795 6783 14715
18754 1039 4196 4070 17095 15850 2008 9803 126 1 1 1 1 1 1 1 1 1 1 1
12728 13178 16735 5777 19265 13921 498 18444 16642 13754 1798 7596 3300 1 1 1 1 1 1 1
535 8198 788 4361 2127 11105 3685 12049 773 15510 15742 10453 17821 1497 6592 3040 14005 14637 10331 8892
1541 10345 16353 2008 18041 10588 11262 513 10103 13429 11280 5298 8784 4350 1627 8318 7375 5636 14255 231
13023 1927 7154 11276 8065 13903 6854 14246 9766 5612 2475 18820 10529 8779 15953 7940 6146 14622 11895 13017
749 10526 18665 1578 2892 16338 4800 14282 10101 11146 15794 12930 11005 16478 9107 14915 3098 6676 17698 4846
7352 10653 3990 1527 9919 16830 11261 13584 16527 7504 17868 16719 12157 16557 6659 10423 11642 5681 6924 17797
17623 5336 8907 5828 7716 13433 9006 18819 8569 14193 18525 16522 2165 16710 6150 5 117 1243 671 1
17426 17254 12721 17631 2924 14189 9223 11488 3494 7025 19801 8329 4756 16193 11930 5501 3062 12570 398 18850
9937 4537 5512 10391 891 5415 14773 74 314 7063 16089 6460 994 1 1 1 1 1 1 1
5697 13419 16320 14796 5660 14124 3166 15279 14972 8721 8883 14586 7894 6239 3686 15712 15314 15262 9574 17365
12223 18527 5842 7763 11976 2553 18188 19258 11504 11695 13753 17603 16666 5961 14862 9160 17494 7373 9699 4679
13495 11507 15748 17923 2279 15921 3778 14764 5033 11062 15319 6934 468 15709 17866 15462 1984 12469 15823 11771
1156 65 13858 19 2060 4526 151 370 10479 12657 15843 16419 2137 19033 15010 4557 13884 1788 8585 12337
10902 9163 17782 3758 11341 5776 5014 10620 12243 9579 244 19295 14831 8739 14408 10736 2947 13906 15176 1730
9673 18149 15422 16544 6253 14774 2827 19721 13 9191 8235 14196 15431 1668 1185 2669 19356 3506 114 13828
6625 10203 1724 8373 103 15010 72 15913 1404 5091 14693 6307 9594 15303 9898 7514 1 1 1 1
6544 9208 10451 1651 13258 1857 11 11126 13561 13106 19148 5945 2983 6323 8988 6436 5901 18137 2316 14788
3817 17862 14878 17302 6361 7141 3474 16391 4676 3642 9796 2081 10411 12372 19622 6274 1603 17613 8274 14045
6589 16097 3925 8829 8216 12067 18783 2935 1496 4844 19292 14460 16703 19176 2769 10327 10223 4194 5040 7710
11641 14773 8700 14915 13123 18068 16415 8078 18071 9247 12045 15809 2064 7615 6924 17390 9859 3365 16729 4260
18841 668 13101 5166 14023 10250 7475 17183 11184 17932 13436 7393 11098 4638 4903 4102 1964 17383 5336 19757
11458 11180 11218 1041 9362 710 6040 503 8370 2040 15349 15956 6787 11305 370 3436 3111 9772 13634 14627
11403 14391 1018 10435 17580 860 11296 6400 16970 17784 18989 5539 3222 3408 15722 5683 8081 7660 4068 9962
16261 9923 2472 16057 6634 2671 2279 15585 15776 3234 17484 11270 10042 18943 13241 7768 18093 13780 8760 10745
15588 19829 9202 6360 11527 7859 18845 9114 15143 19400 1833 896 19790 13199 19543 1724 16550 3062 15852 19760
4146 17939 2153 6141 8607 4232 4451 14560 16738 919 1371 6218 7191 19091 364 17965 5869 53 20 1
13244 11611 7839 15422 9857 1 1 1 1 1 1 1 1 1 1 1 1 1 1 1
12586 2012 16272 10334 18855 6908 485 4094 13272 12316 3525 10484 5749 5266 6750 19427 7587 4195 628 252
14284 2999 12454 4825 2603 4153 3951 5485 9172 18774 10388 13675 19384 13979 489 3586 19102 7836 16782 2003
13289 5455 5732 17339 2774 35 15207 17642 17187 12 1 1 1 1 1 1 1 1 1 1
15157 18959 5554 1802 1093 7555 18232 8757 7723 13877 6162 14492 16453 1114 10355 5684 2367 12355 18126 13967
2092 8006 12910 12297 15211 18595 621 5577 8925 18285 1391 15297 8573 18655 14408 14304 1843 9121 11791 19496
18854 12781 18996 17204 17852 6270 12159 12871 13328 3522 14288 933 11696 11005 16519 13940 7446 15687 8341 5262
4749 17182 9247 18104 2298 11556 314 3393 11842 17517 11474 15179 8719 8984 8183 6045 923 959 11214 2538
15261 1643 5122 13443 4791 10121 1413 12451 2162 19430 5 10868 15386 520 7658 7192 1613 17715 3987 1646
18472 5099 14516 15110 4941 15377 10481 14640 78 1121 1 1 1 1 1 1 1 1 1 1
14004 6553 3137 10715 2762 6360 19666 1200 2014 3219 15351 3972 6960 17322 11849 19242 17861 12841 14826 2160
4208 13283 10441 15608 11940 7569 448 6 19446 5914 4977 18816 3173 16732 5805 14456 7143 14664 13 2832
18255 6234 10222 12688 8313 3075 18641 9133 3630 5452 10299 11272 6177 3773 9006 9950 4134 82 6983 17724
2169 730 19503 13938 8440 12181 8051 968 8406 4730 17416 16901 3321 18898 2195 5219 16920 648 6874 8803
6093 18269 14415 18534 10989 4566 8175 17353 16397 7606 14565 6484 9347 10831 16765 11668 8276 4709 4333 5601
3733 16535 14594 3085 8234 8032 9566 13253 11195 19242 17756 1761 18060 3041 7667 18675 853 2139 6084 11280
9536 9813 3085 6855 4116 19288 4742 8570 3004 14107 11145 14485 17150 11215 14063 3332 10478 2522 671 1
19271 9635 1569 975 11636 7279 1872 6795 17958 10243 18573 10219 5195 14436 9765 6448 16436 9016 1753 18955
3189 16991 16378 19292 3209 4702 9658 2563 30 1 1 1 1 1 1 1 1 1 1 1
16862 10688 10205 378 7094 16240 16952 17409 7603 18369 5014 15777 2885 12090 1352 11527 19768 345 3726 7961
6727 3226 1434 6379 15637 261 7474 15923 356 15555 19260 1 1 1 1 1 1 1 1 1
1412 9203 2334 8872 1612 5494 16532 6243 1747 4086 1558 19467 4601 11598 11273 5694 13817 8068 5727 1276
9180 18597 19191 9022 19458 14562 2024 14768 3660 4267 11384 1089 11075 13845 5418 15822 12230 18124 19022 3343
10634 16828 14796 6843 10441 9849 5281 6095 7300 14768 8053 11041 4033 2977 2132 703 16922 18907 6241 18445
17364 14522 475 16021 11650 4529 4087 6145 9995 9058 2461 7254 1552 9886 18537 2091 18745 5121 6913 14736
10315 14303 16769 12394 7156 19567 13214 7711 9533 14380 15353 10258 7854 13087 14031 8215 4163 11064 2040 5252
16001 16036 18019 17257 1 1 1 1 1 1 1 1 1 1 1 1 1 1 1 1
14191 3733 5613 15070 8647 12256 147 14307 11687 18646 1131 13428 14912 11476 15749 12357 8790 8414 9682 12205
8936 18589 7166 12315 12113 13647 17334 627 137 7823 5842 9706 7122 11748 16275 3273 6220 10165 15361 18537
765 19030 7402 8197 8305 8823 3956 52 18188 1986 1912 3993 1 1 1 1 1 1 1 1
13716 5650 5056 15717 3518 5953 5498 11540 639 19452 14300 1380 18517 13846 10529 14392 13097 5834 10001 987
18083 15609 18481 7290 8783 13739 17087 2188 677 10 4764 1 1 1 1 1 1 1 1 1
14769 608 3522 14432 7170 9566 16415 11684 16109 9095 11568 6966 2719 2615 15608 5515 16503 7807 2021 9715
7307 5515 10460 19718 470 10463 1639 4437 19636 7455 7 17146 16345 14207 9085 9121 19376 8018 7494 16726
13284 6415 12953 5693 9575 3576 10324 5828 8167 3490 13067 8682 15820 15354 9775 17898 12149 9808 5357 5404
16308 1754 13103 12782 76 762 1 1 1 1 1 1 1 1 1 1 1 1 1 1
2827 18877 1005 3688 5335 9362 10176 11381 11242 12134 15122 8114 7058 473 52 17631 2354 3252 10101 2846
18603 4556 14661 15731 7977 8168 10226 14076 13139 2434 11335 5633 13967 17908 15305 1152 3137 10994 18817 19202
18384 12394 251 11237 1506 17295 11792 3407 14228 19434 14339 11935 17168 18112 12296 8244 15145 6121 10067 19267
18843 999 16602 3629 6952 9130 16568 12892 2375 132 13 1 1 1 1 1 1 1 1 1
7814 2249 1487 12728 16337 6052 18388 15768 11304 5212 17509 18993 1042 19830 16438 12871 12495 1002 16286 13611
2726 11247 16396 16194 17728 5664 4708 4218 2876 9923 10377 11203 15829 6278 7354 10301 14246 19442 3474 18585
11247 11483 15804 12386 12904 1564 11166 2780 6067 11776 6371 19377 5912 11494 18640 9174 12307 14649 2767 1858
9731 9137 19798 7599 10034 9579 15621 2418 16343 2796 5461 15894 2374 14610 6103 17178 9915 3488 3852 3547
19690 3614 7473 12864 17820 115 6269 13634 6884 8845 19093 2747 18644 14086 4747 10518 6359 7266 3745 4129
4689 7603 18513 11251 2717 1317 15765 10933 13176 15649 11047 6800 6696 19689 1513 4183 11888 6102 2428 2451
9596 14541 12888 4551 15636 5720 1874 18171 11536 4088 3397 13863 18288 13166 13202 733 14781 3876 10742 7996
532 17034 3948 13656 7657 14405 9909 3866 7571 1111 12763 19760 19435 837 1 1 1 1 1 1
6664 14521 6202 1849 2161 11995 1749 5581 9833 5847 10589 7267 3058 14479 3014 4075 7484 5607 15509 7002
18672 1346 2493 2878 9388 14636 8648 15521 11868 13339 16567 2991 8995 16750 8168 8419 115 1002 1 1
18563 9562 9068 8914 6011 10193 11873 15413 2268 1452 16491 1853 6253 14442 1670 4530 1936 4436 5390 11207
16022 641 19813 17138 14409 14180 10936 4168 1862 8498 18014 4741 8510 16141 5413 17294 7703 6687 7555 9458
17773 11752 7001 2281 9331 7958 6018 8274 783 12433 8542 1 1 1 1 1 1 1 1 47
39 3118 6294 5385 9837 292 19333 16117 2839 5857 15432 111 16250 1711 11492 16162 9880 18282 14453 13076
13442 1266 7379 7074 10467 4135 5816 9942 4491 5922 4576 495 12502 1 1 1 1 1 1 1
37 89 7272 7656 10356 1783 4579 10304 17658 12962 488 2071 5719 1 1 1 1 1 1 1
15415 9629 5955 5978 16117 270 17280 4989 3138 14784 4192 18241 7039 8998 6410 4831 9853 6000 8267 171
1181 3344 14269 11523 18478 13350 19781 16614 13456 18269 12466 10079 8159 12498 10509 5902 13615 2205 2621 11003
17416 12965 4483 15477 1378 13442 6830 912 5941 5899 13520 16270 5074 14994 1999 1426 1 1 1 1
19724 15032 12132 6531 12742 8922 18092 17596 3472 5763 7928 452 2026 6082 10826 13858 11396 14665 139 18261
10860 2797 1214 6251 16319 4144 19662 12807 7862 4777 17723 3637 18691 3929 19141 14838 18594 18105 13093 6896
18602 10283 3016 1726 16076 5830 9662 13914 9928 14670 11348 7139 18560 7095 8156 11565 9688 19590 11083 9371
5427 6574 6959 13469 18717 12729 19602 15949 17420 15634 7072 13076 17827 18777 12500 467 5083 6277 78 1394
13643 13149 7024 10092 14274 15954 3683 6349 5533 797 5934 10334 18523 5751 11288 6017 8517 2787 15288 17738
1381 935 19342 15962 18261 516 8249 678 14965 16904 8822 12591 9440 9494 1712 2098 10768 11636 13539 13192
15833 4043 1368 13412 12039 10099 12355 4864 16514 2244 2690 11821 371 17814 1524 19642 15135 16258 8629 5372
7199 10375 9466 13918 4373 6189 3029 6920 9938 19513 4192 14026 5792 15573 7054 13961 10532 18534 17157 3569
2406 11460 3572 14548 7597 3563 14023 8572 10003 2711 4576 480 12981 6649 357 1 1 1 1 1
14874 11353 11737 14437 5864 4065 14385 12693 17043 9168 10633 9800 1232 4903 5250 8040 18693 14601 10893 8541
13710 10036 10059 4677 4351 1667 9070 1888 18865 8273 16739 11120 13079 10491 8912 12238 614 12348 4252 8930
3880 18350 15604 10114 17431 1510 7546 17537 10750 16547 14160 473 16579 14590 9983 17696 6286 6702 15084 10172
17046 8564 19558 2708 17523 10911 844 6467 11445 17601 17766 9155 19075 6080 5507 1 1 1 1 1
19113 16213 10612 16823 13003 17852 12157 7553 9844 12009 500 6107 10163 5467 1817 15477 26 1 1 1
6878 5295 1263 1021 8225 2322 1 1 1 1 1 1 1 1 1 1 1 1 1 1
14364 7097 5807 549 9911 3892 18617 14009 18751 15429 11220 2921 11176 12237 15646 13769 2335 15164 13452 14512
10655 11040 1613 306 2011 2958 14197 6467 1553 11153 17157 2790 16330 16581 4548 9164 3820 3415 10022 817
17230 17076 14173 2947 18533 3832 179 9614 4878 10015 14415 1913 222 1 1 1 1 1 1 1
5016 18386 10738 15322 184 3724 383 1 1 1 1 1 1 1 1 1 1 1 1 1
8124 5449 17493 16120 14180 16436 15321 10396 1134 1997 15902 4452 14258 5605 1501 19216 14305 12710 9453 16094
14456 13547 17999 1634 768 3749 4071 744 13146 8273 18107 9873 19654 10695 18042 14613 8231 1349 7650 6911
15541 7653 18629 12297 7644 18104 12653 991 3743 8657 4561 4642 10730 4473 17707 6593 2764 10943 17184 18729
3063 15818 18518 9945 8146 18466 16774 2337 8650 14714 813 5313 2879 9331 12121 908 18682 14974 7471 15687
14117 14140 8758 8432 15272 13151 5969 6032 12354 47 15201 12980 627 12993 132 1 1 1 1 1
18342 19685 14195 7794 5591 11627 10771 17613 14150 18241 4554 19611 18671 14064 18852 10367 10783 19165 14253 13916
12645 10920 6789 14843 14992 4925 14103 6580 777 1666 1540 206 1 1 1 1 1 1 1 1
1323 3788 12686 17084 5181 16238 11634 13925 16090 4581 10188 3305 17278 2747 19558 4200 6263 95 2006 12
9376 14413 1053 12306 2082 5907 1264 1 1 1 1 1 1 1 1 1 1 1 1 1
11178 9888 4630 13992 7973 1118 18090 18291 19510 15301 16405 2561 16318 19727 17850 6416 19245 17533 18593 17310
15121 5694 4387 6092 7039 18278 10548 2981 15234 2210 6871 5935 17231 8629 13245 7901 7496 14103 4898 18112
15186 18254 4374 1040 7913 4260 5731 8959 14096 18496 9142 13913 16773 14179 3392 10949 825 17667 12837 9694
2226 18438 2585 4265 7805 6721 684 8883 16984 8280 6834 84 9343 10260 18930 19798 17629 6049 1226 16967
9530 6801 6572 18261 4140 19402 3276 5215 6078 902 8533 18339 9686 95 18274 18386 1850 1503 243 11811
17628 1723 350 910 235 1667 4825 934 12354 132 13954 19019 37 1 1 1 1 1 1 1
11734 16374 15759 11725 18037 16734 1226 7824 12738 8642 8723 3884 8554 2272 10674 6845 15024 4919 2264 15524
13461 15557 14026 12227 2334 15272 6418 12731 3739 4894 113 1 1 1 1 1 1 1 1 1
18221 2748 12513 2978 2696 10050 5354 16435 6354 19282 17061 18653 17074 534 7004 2912 12414 17092 8525 17979
3828 18276 11875 9672 15708 115 11518 18231 17738 8635 1390 14491 2705 549 14448 659 3201 18334 17997 883
15001 10870 16246 19073 9006 14629 10661 4858 2471 17317 19239 14242 13669 6007 9554 17955 16424 1314 2777 5114
7869 16767 5834 9262 12006 15715 18006 5912 8662 14269 7386 13629 6828 18412 8281 10344 314 18684 19840 9782
9425 5134 16387 10484 9988 5345 17020 320 15880 10749 16172 3218 6250 3788 7057 10979 10653 326 11816 5165
13969 8711 18073 12054 5199 254 5572 10115 19382 11083 6642 15874 2295 10986 2211 5485 19719 1111 16892 15884
9775 8468 10173 2054 6306 14629 7062 3740 6291 10952 2078 548 3957 17326 11982 3475 1763 2823 1540 14115
5861 11109 5121 11994 8341 9812 13040 18177 5468 13223 17994 4892 18260 7473 15030 1621 8702 16163 2342 15544
2484 6666 8346 11886 1061 4765 12964 7025 2726 10915 5612 3680 14341 909 18227 7680 10130 5307 12118 2222
8354 10653 7409 8221 17107 4971 9296 1214 4983 144 1 1 1 1 1 1 1 1 1 1
5804 4431 2491 4747 3632 8906 5015 7099 4213 18035 10206 6030 13405 7527 16393 1021 15812 15073 11156 14626
6310 19840 15806 18364 17686 2330 11905 16819 12723 677 7965 12635 6353 14755 10926 19105 2209 4656 1345 663
19638 18107 2289 6415 964 2395 16812 7820 8975 9849 11041 17493 6018 9070 17694 8795 5495 13270 12834 16344
6829 16594 2156 6777 14131 9435 1560 3025 2192 13369 5192 13990 4615 11085 6993 16495 933 3998 8308 7675
12590 3523 13753 1462 1936 11257 665 9131 3512 5471 2883 1304 4630 18529 4740 7282 1322 8468 2209 14541
14951 9823 16254 13087 18710 1488 1160 6552 4632 8971 18323 17750 10088 13635 19262 492 2564 2227 9195 13627
3317 9915 3303 16087 19796 19789 9993 12743 18350 3469 17710 10909 6904 12362 14425 654 2048 19435 13863 16561
5290 6350 5067 17642 67 15778 440 7601 13052 1937 9521 15868 15721 12726 7952 10194 12614 3456 7602 10
1860 19690 5869 19071 8662 18081 9849 15963 7846 15004 7920 5627 9708 13114 3320 5450 12799 14895 6103 3789
13657 8834 13750 5749 17696 17226 7960 3198 327 13418 18692 12262 13515 1574 9997 17266 3145 10865 6010 2211
9111 10504 19419 6073 13811 1720 4686 11750 14635 19353 5198 11447 15528 5238 14922 778 2586 11890 19382 13133
19339 18600 14683 18153 1550 17446 19691 3069 11245 7996 1454 15204 9081 9600 9595 4623 694 15715 1958 5423
12527 6249 4872 4190 16264 8383 10489 8971 7792 11767 9659 6061 5435 12453 5515 16940 10778 5278 1 1
9022 16797 16361 15083 11362 9853 2742 7871 9299 12742 11187 16550 5802 18898 4222 3956 9655 2108 7023 4941
4460 7525 11835 20 9113 16771 827 374 18549 1643 4633 13053 3154 12320 15344 947 8260 4308 1239 732
4849 11995 5736 18068 4069 4987 16507 19634 14835 9866 9288 16666 9848 14757 3428 8302 15052 3155 4133 787
6091 5754 12722 3216 9028 13580 6263 10697 16557 453 11103 9325 1160 3907 17161 16540 2110 13466 12597 17022
5575 10280 17390 6278 10675 17470 18444 3949 459 10287 12563 12487 13364 7320 12451 14531 16091 8175 16227 1631
7934 7597 3932 15684 4129 6538 2699 9625 6626 17402 6821 19501 18914 12353 6034 3379 12242 12009 5786 8948
6873 10966 10420 10965 7586 1414 13092 3764 14314 17750 9635 15040 10250 17431 15435 514 12521 28 12246 14379
10431 9148 3641 12419 5530 4521 11682 17133 6018 13602 698 19802 16807 1911 14275 16695 7537 11683 9157 19068
17781 9950 1872 12743 8 16359 6014 11927 19085 12001 9708 13789 17195 7401 9531 16880 18976 10184 7870 15880
12915 1532 3301 13027 14782 12041 7279 4408 17499 15816 12171 17596 5655 14078 14783 7226 14946 10091 7357 5262
14585 16022 10154 1926 5801 8767 15831 18716 6042 2922 9489 19609 3174 19003 1496 6667 15971 10980 17214 5170
12013 3649 16274 5631 3836 15806 1081 15326 12077 5535 19285 13162 19784 13676 13330 4775 19796 13565 9504 3403
2830 8953 8271 1587 1676 3921 13052 11873 1132 13740 10142 9450 16534 9596 1484 881 9359 3073 19362 17381
14648 7362 19164 15443 13934 6823 11952 13380 16823 3616 2467 9883 274 8303 2392 13736 6189 11104 9022 15745
11606 591 4101 158 10414 4908 4455 1135 4087 8714 17134 9119 3128 19425 2285 12341 202 1 1 1
363 9817 10561 8150 1001 4356 1159 6107 15133 13369 6756 13929 627 1 1 1 1 1 1 1
9835 16803 2298 2659 17661 737 3864 10155 4534 15184 896 1591 7988 49 1913 64 1 1 1 1
12308 3529 10359 14756 4287 9397 8030 787 4630 18651 15284 17445 11401 15215 770 14248 12256 16889 5712 18942
11678 1620 671 1 1 1 1 1 1 1 1 1 1 1 1 1 1 1 1 1
3654 14501 15046 3735 1 1 1 1 1 1 1 1 1 1 1 1 1 1 1 1
13229 7722 16500 9611 8602 15763 16555 10099 17683 4779 16057 7257 5992 18356 12205 11618 15764 13238 9355 3029
14031 5953 17755 4089 18011 10095 16008 3408 16082 13789 4032 15446 11482 13612 925 2556 14265 11951 3298 6208
5613 7382 17108 18863 16122 11360 8489 3315 3368 14313 2388 9736 18159 18864 11307 19027 14172 11438 110 2832
15034 14235 6007 9882 12848 10776 808 1 1 1 1 1 1 1 1 1 1 1 1 1
7730 13218 9712 7917 76 61 1 1 1 1 1 1 1 1 1 1 1 1 1 1
13034 12352 5668 16545 8002 17133 15954 5213 17821 14223 13597 4014 13677 5565 4962 4026 7154 4549 5403 9513
12316 1552 19524 1026 10904 16033 17461 78 388 6548 13964 764 12384 12118 17817 10270 15185 3592 1611 3985
4672 8182 7035 14495 8989 8536 1637 1053 12795 8461 13200 7209 10859 9109 16422 12470 9401 341 1 1
13898 14642 12231 5082 2516 1432 10188 19214 6063 10837 18010 631 3655 1058 18672 11317 12295 8949 6914 11325
4945 6379 6740 12717 4818 7945 3146 8615 19265 4977 5672 12069 17834 8441 10272 15528 12049 561 17579 16920
1033 14440 18837 8368 13478 12111 4868 18449 3572 2020 812 5866 19296 4851 18329 1777 908 9793 16172 4903
5701 8399 12291 14700 10861 17787 14788 19282 14983 2118 1675 11831 762 1 1 1 1 1 1 1
18582 3995 7816 16113 16497 11926 14626 5713 17797 7812 7225 664 6056 2867 553 320 109 2937 809 8418
11803 12310 13692 12683 19844 3553 14180 6061 8860 3351 9 10073 490 1 1 1 1 1 1 1
10034 6873 8170 11874 1902 5444 7286 1913 17870 8113 19527 2113 17693 5006 6637 18346 16032 7379 10289 1426
11463 1985 14203 2241 15441 12570 7396 312 8445 2100 13817 19142 14914 15388 7287 18253 13075 13424 589 421
18316 10088 13963 352 265 1 1 1 1 1 1 1 1 1 1 1 1 1 1 1
17299 13793 11998 4157 4142 19611 11745 13697 3839 7920 15173 14127 16866 12937 4282 11774 17666 11565 19170 11359
16433 9749 9838 12083 30 3637 388 12299 18304 17612 1992 1987 1641 9043 8107 1876 8630 9484 13594 94
5633 8656 775 14985 1363 184 4159 2051 1 1 1 1 1 1 1 1 1 1 1 1
12263 3754 18576 13070 12617 1691 5134 43 132 1 1 1 1 1 1 1 1 1 1 1
18723 16312 9163 6597 5513 14269 5412 10144 14918 19267 4712 7736 7395 652 14264 16376 13030 10995 15406 10697
10460 10821 1674 8899 12026 7227 2258 1680 9058 2240 16150 18006 694 14353 5762 16130 4642 5900 12869 1997
18521 1420 12449 63 16192 1 1 1 1 1 1 1 1 1 1 1 1 1 1 1
12480 3067 18781 14942 3651 18869 2679 19064 4879 5756 15912 4843 6923 8483 567 8619 8782 7253 12951 343
8076 11897 901 5311 2017 2885 13847 9404 11893 11306 4745 10137 12757 5867 4401 19074 1340 4890 2196 17901
3357 17773 16764 727 7657 18261 10142 12941 7432 18142 14154 7827 12794 19780 157 1 1 1 1 1
10954 12251 1819 4074 9525 11367 5994 12341 12194 9199 6194 6667 9087 10718 4075 1549 11460 14370 2538 6787
5135 18284 16774 19522 16651 11477 4393 2100 6181 17898 12692 1923 19469 11368 2576 262 17505 4670 4502 11715
14169 18044 4433 1357 4020 18285 15165 8735 9988 4820 6470 13739 18910 7338 2483 18334 8721 19237 224 13922
17874 16079 1159 8223 222 1 1 1 1 1 1 1 1 1 1 1 1 1 1 1
13830 13919 16164 3954 7718 4469 16380 11677 5554 12176 6068 5722 13124 12188 5957 12711 13565 17675 9 1
12737 4856 19066 5444 4265 8240 6132 2534 1842 8926 1988 13413 7251 1751 17596 11754 9773 12147 12947 2315
7835 6326 17151 16698 5772 9215 7660 16623 2275 15371 695 17271 6128 12980 17563 17056 19267 11583 5112 9639
5586 13244 10678 9594 18350 9493 1106 18999 1511 8793 11817 11476 4733 781 7293 17111 15076 1754 14778 13742
542 1460 12980 16107 11308 7525 5761 13139 6321 11230 3746 1 1 1 1 1 1 1 1 1
5501 16530 7459 7170 13030 16873 7576 5798 4619 380 13634 13013 5041 9939 360 17955 1434 30 1 1
7148 11477 19023 422 195 6760 9036 7676 9837 3793 7607 1356 6640 4648 12700 12863 211 345 1 1
14987 17897 542 10314 7170 1155 9028 7881 1277 13725 14273 7350 18948 12706 2579 11118 11346 1285 11534 2873
11799 8197 8029 15242 4995 9169 15760 9944 3820 3165 7846 15192 14828 16248 2628 5600 162 18919 1925 18278
1181 8797 3751 17449 10138 472 1366 6126 3767 10860 19072 4720 13657 17147 15860 18221 5264 21 7569 2629
19173 2913 18967 8558 8643 10409 9513 12925 18338 1307 14182 1432 15877 5763 6797 16219 8257 19841 14881 13250
17092 6927 16745 18806 2046 1263 16604 17925 14698 8376 11375 10531 19195 16765 294 17617 16199 4516 6102 18711
13300 15674 16474 5842 44 7486 10824 14609 10729 11619 2861 4506 13987 13414 17403 11386 935 2529 6151 4680
11664 15110 8639 2902 17072 5292 264 2070 7305 9098 31 1 1 1 1 1 1 1 1 1
18603 5281 2547 17269 7903 1618 1035 15956 15646 1745 4648 12969 2896 16900 12243 9990 10997 17460 7701 9223
13508 3163 9605 16096 1845 7932 18444 18264 3802 10694 3285 1 1 1 1 1 1 1 1 1
9417 8758 183 16361 5270 15761 10530 12210 18392 5336 15154 1114 8098 7680 8354 12384 6869 7746 6753 19370
14861 14766 7951 18772 6258 10107 10360 677 18239 6191 1107 15259 19651 15031 4962 3058 5111 9149 14765 8813
12498 708 17170 2933 4649 12280 9629 7394 8265 333 3650 2595 8229 1137 8438 1400 19408 1160 7281 17552
18799 15814 17210 11380 9568 4746 11379 2734 2607 4032 17277 5950 13539 9317 10854 18824 17451 14885 1963 5590
17196 13115 70 11251 5236 12250 11962 5358 17806 18354 11431 1610 16787 6660 15199 15427 5366 1516 6954 13346
2127 12110 19323 14404 13250 19841 14025 7901 1969 11927 892 3178 11251 542 659 4243 19847 6006 8548 10567
12878 122 14992 14219 4553 932 632 33 1214 1 1 1 1 1 1 1 1 1 1 1
5835 18446 1679 2439 14490 13594 17006 5625 5388 3302 5513 13205 9844 10878 2451 12338 4188 18962 17331 1429
11008 3197 1809 6127 5344 944 19410 18779 12457 15456 14612 4171 7443 4375 449 8881 4071 371 3399 15302
19755 975 9923 4125 1451 834 4440 1 1 1 1 1 1 1 1 1 1 1 1 1
19191 704 6983 11727 9373 10459 176 11386 13179 15317 6817 13314 12008 1633 1592 14251 483 19533 1767 14064
9362 6628 1625 11984 5699 5116 15137 19727 7482 8729 17050 6977 16792 16324 14071 2385 11843 11782 16649 1898
7244 13686 1499 1223 12013 9331 186 7883 14775 8816 9175 11291 19137 14339 14449 11663 1690 5290 19251 8514
12839 4264 326 9351 19842 2674 16291 9239 9417 19235 5195 12179 11761 1967 2159 10950 11827 10834 9532 3893
822 12032 17562 2092 14188 14441 1303 2622 10272 5188 19340 16605 19112 9043 7139 9192 13230 18846 3600 2394
4789 1723 7014 17777 16361 13710 8383 2469 4414 9525 6676 3881 5218 12519 5481 11571 5241 11362 1812 1
16742 1400 15461 13649 8827 15460 6815 10785 8113 9964 10031 17620 12 345 1160 1 1 1 1 1
44 18476 15332 9317 17190 17937 9439 2328 2522 1507 5691 14069 10741 19280 19508 9447 5597 11035 17427 5508
16191 19334 13157 16570 6023 18106 11982 2036 16008 4973 7259 1017 10790 13762 8324 1624 10087 2069 14648 10706
4203 3553 18300 8634 4071 14288 3312 19022 18149 12882 3139 4559 5918 1168 3358 8183 12751 10791 7875 10957
428 5760 6520 18571 17675 547 9706 9469 7383 9594 17286 13925 14959 6532 16419 11254 12434 13489 5510 645
7278 5890 10208 9425 285 1236 10017 16538 19537 18693 4188 11524 8456 4530 12962 8152 3192 1561 19383 6233
5056 14004 8206 5532 4915 6236 3009 19781 740 12668 7506 5076 5145 5928 4510 539 14313 7022 7984 4042
4785 6195 8592 13454 14540 2920 15467 17260 19398 1669 17395 372 5714 5673 1 1 1 1 1 1
10709 6566 16065 9780 9197 19218 806 2979 12810 7058 11058 8081 14545 303 7514 1 1 1 1 1
17767 5580 5304 16094 13412 4267 3957 18856 12897 1280 15372 5211 18420 18530 15744 5771 9371 879 12595 5971
8345 4407 13432 6395 6755 6575 13320 13498 16840 9276 16260 3367 6048 8600 15031 15908 18465 3481 7974 5619
16113 18786 6173 18269 18522 521 6703 14353 3465 19162 11787 13914 13124 695 13273 17311 8271 7681 6475 8605
5804 11095 12811 846 17791 15556 6550 1770 593 13587 1 1 1 1 1 1 1 1 1 1
5481 19542 17730 591 19541 10896 1601 12194 14045 14112 17021 6403 19016 19165 7719 11895 5965 13752 243 14116
8232 19413 13398 2347 1274 13520 6409 6603 5588 9772 1850 14822 16455 7135 13528 9678 15116 3481 103 9
2706 17238 10087 561 2167 16063 6117 6665 9054 11340 5098 3025 3510 12405 5705 14168 6150 1657 14787 16322
7634 2715 12715 8152 2336 7393 4634 238 16963 7220 16290 4420 5249 7439 12264 19812 14872 11956 15038 7397
9841 2530 1692 10281 5163 13787 13550 11464 13675 6049 18006 19040 10613 16593 15644 16515 3098 9591 4726 10507
8593 14289 13506 1905 5317 14098 12934 7790 11263 12333 15605 12537 8611 649 12233 7273 5642 10599 10314 19726
18085 12287 7210 8996 10317 7090 768 3767 16749 11587 9157 444 10009 8591 4620 18394 11103 3613 8123 7287
10276 1911 17535 3216 7001 19548 4011 3963 5750 6379 5806 9795 3778 14000 8645 9737 9929 7633 12094 18757
5558 9464 13861 13278 1422 16472 1490 16891 11139 1625 319 9054 6978 10547 5381 7844 1799 2375 16807 7961
9661 295 10012 3554 8348 8038 14649 16978 5361 19453 9292 11447 2382 19825 9852 13452 4960 16676 14592 17940
8488 17513 324 10836 10656 17401 3086 6104 13357 1298 7448 10129 243 12 627 1 1 1 1 1
8753 2731 8153 2922 4602 10784 18434 13350 6399 490 72 17205 4776 17354 138 2695 11762 10556 12686 12822
15176 16892 2499 2752 19637 10631 12576 7069 14838 12043 13380 13951 13643 19733 1541 7157 1205 14640 1912 1
14119 6088 4672 2021 14977 657 16275 18126 18193 621 10484 830 1930 11800 15976 10046 17833 4324 18197 6109
3772 126 1 1 1 1 1 1 1 1 1 1 1 1 1 1 1 1 1 1
3643 14168 14185 6248 12246 10198 10746 3823 15421 9179 7106 7591 16486 9786 18249 10231 5738 18868 16915 17738
1468 16796 12233 6417 293 8715 4319 17578 11301 12721 14080 2073 11520 16345 7092 18953 16037 19119 552 191
6611 5773 3117 9244 17868 17631 15545 1193 1058 463 129 1 1 1 1 1 1 1 1 1
5116 17587 5986 9398 18179 4051 10655 18014 16414 2236 16618 12692 4730 16314 11354 9723 632 2510 8681 387
6471 11291 13077 14398 11171 4849 7848 7004 15668 13238 3743 14090 12672 8701 14065 15184 16146 12204 3956 1868
5992 9105 7297 11082 7202 8092 4002 979 10460 9887 13876 7859 18081 18441 2624 1153 11714 16175 2232 14553
13545 17942 17359 2175 3778 5571 7709 15220 5706 4400 13135 11059 14628 9462 11925 5880 6456 12224 12042 2918
4376 2491 1494 12429 12119 18730 1121 9442 5839 12 1 1 1 1 1 1 1 1 1 1
10712 4405 14917 14737 275 7167 671 17438 671 1 1 1 1 1 1 1 1 1 1 1
1743 12234 7003 8683 14865 1809 17431 10480 4571 4153 4827 8857 3342 4219 3226 15843 14637 16767 16903 16905
2731 6580 6833 17040 14712 2664 11150 18919 16124 11504 1435 17724 1584 5622 11238 5286 211 1 1 1
9265 13029 2692 8641 14432 10692 9959 13143 6692 14727 15110 15529 14025 18505 6530 17406 3889 17988 10649 213
6486 2544 4079 1414 4270 16831 9572 4737 3237 16578 1250 14409 7112 6681 7260 17413 6712 12893 6145 1361
17199 2795 18115 7758 7395 5226 7340 8650 637 4603 6942 2380 5568 8236 1329 2567 302 2241 14373 11544
18207 6037 12208 3914 17568 966 17197 9555 2012 17686 1326 7954 14856 18198 13296 7446 1133 19114 6044 2353
11221 15731 7483 5395 11193 5098 2833 7318 7557 12280 19175 2002 4728 13459 12692 2526 9025 19779 5769 2182
15241 19702 5759 18080 15421 17536 15750 18774 18118 5157 11525 15534 15002 14041 506 9647 3789 17099 18088 16504
17668 15751 15569 6445 15210 7665 490 9910 3300 1 1 1 1 1 1 1 1 1 1 1
17088 4564 11758 6291 6375 1502 6255 10453 5984 5956 5494 7163 5174 14078 2454 10509 13758 11048 19740 1987
4433 17308 5697 1986 17786 1817 14577 16208 1822 95 4097 7060 5472 3449 3394 1319 11776 1337 4292 11940
18164 1264 9 49 1 1 1 1 1 1 1 1 1 1 1 1 1 1 1 1
2206 16797 10960 8644 17833 1767 8957 19141 13515 5167 14598 397 2283 886 4494 132 1 1 1 1
11932 2133 13717 92 12939 18813 15805 5105 8692 17 8730 10698 16363 17687 15504 4230 2759 10368 13255 14506
11792 5954 9033 7043 12167 308 9992 77 345 458 1 1 1 1 1 1 1 1 1 1
17110 6773 12722 18513 14773 14040 17224 10773 18808 19191 19610 18106 15518 467 11871 2126 7048 14730 19349 6302
6625 8160 5495 8351 17281 13653 8818 7318 13272 5331 18490 11193 10762 11341 1636 10793 2218 10226 5442 1282
16415 7222 11839 11476 1061 11421 12731 4718 8684 2230 6461 4609 12317 5410 1643 4383 6322 18454 15625 19672
10118 16289 7995 10646 2843 18703 13636 6093 7005 5407 1108 18937 3859 17377 5312 5214 490 10125 6434 8407
15923 11564 9476 15274 9179 1427 2040 11638 1916 11095 6083 8809 17540 16773 10696 13106 3344 9850 6263 11347
1030 9840 6744 19502 11817 19831 14148 19771 9238 3405 19615 19083 1030 4587 1 1 1 1 1 1
3932 19650 10526 19291 1766 17512 13991 2348 19514 4568 2590 17585 1545 4025 13305 13046 1329 18778 12695 11622
8645 15839 10372 10456 5583 3438 14534 10065 333 9575 11244 63 1739 6535 1559 2110 15129 1894 6068 6766
6430 9778 6067 18776 3749 18658 13827 5903 4176 8178 11141 9553 6450 7475 5400 15857 5418 3970 16021 7036
1538 4405 2695 2016 18843 19265 438 4515 9438 8987 14108 19000 7307 19618 14835 15380 8698 5672 9199 790
4524 15041 12725 14879 5848 13038 2634 17596 9248 18679 4478 1426 4967 1398 8417 9270 6376 11298 16378 13221
6214 17798 4173 2063 3533 14515 3371 12773 37 1 1 1 1 1 1 1 1 1 1 1
10035 13114 1252 16248 4389 35 19830 9759 17424 8363 19026 593 1917 8222 9800 17674 2507 948 6116 14280
3292 16803 18853 18854 18121 5312 14854 2585 3583 7343 4509 19599 4548 15952 1832 11129 18811 345 121 12
12241 9576 2743 15711 17734 12899 11399 3038 3421 15013 15274 14843 15422 5717 14874 335 1 1 1 1
3316 15920 15557 5142 15502 16812 8799 12765 6311 10542 2734 16398 9491 5724 8464 10403 9543 19706 17092 4261
6426 775 1892 6924 19816 17717 10174 1169 9488 5189 16826 7940 12682 2740 9295 7782 2684 1319 3902 7393
15645 13557 19355 13260 5508 6121 15719 5997 15176 10164 12890 6509 1607 10688 6246 7425 13931 10344 1160 1792
3206 7014 3875 19502 1092 18229 6021 591 7486 3026 708 1770 1 1 1 1 1 1 1 1
14676 14607 3732 5847 4061 18072 6429 842 8649 3845 6222 2352 8106 17386 17127 5410 9332 16776 15703 14976
3880 14453 14537 9664 7519 18615 822 4414 13656 15325 1815 5820 10616 5 30 1 1 1 1 1
69 10148 2535 7830 12193 17908 9984 8257 12259 15222 13634 2389 11556 9481 14268 9499 8051 9932 11117 121
8486 6776 6097 16377 2888 4519 8596 13519 3185 18189 6182 11388 1812 6 1453 1 1 1 1 1
19122 16806 18960 3073 17119 6715 1957 13329 9295 5920 3230 2707 5479 12498 2254 10457 15379 12490 17302 11923
16334 8254 6144 9342 18596 7452 1826 4118 2909 18860 18636 5019 2282 12392 2469 18530 7050 608 3339 13616
2028 5333 15852 8470 4116 14887 13840 11862 12444 10194 18620 5998 12303 13881 16919 6588 1566 2817 555 15288
2454 2427 478 9405 3051 18935 6666 1654 11424 3256 2714 1 1 1 1 1 1 1 1 1
13657 6824 3084 2351 16980 15480 7119 7502 19094 19355 18924 19503 9798 18955 10380 18388 13604 9444 16222 5556
7884 19638 9223 1964 11052 12880 16846 10392 14623 6815 18375 13572 9805 12545 14484 13624 8469 13227 8342 9490
150 5973 11005 19731 14771 14255 5250 13569 9270 3834 628 16884 3189 13376 243 6765 1 1 1 1
17638 9960 17341 9589 1947 1455 10078 19257 14245 16971 10590 5688 14769 9703 11506 18012 14425 7204 5873 65
3949 3585 1828 5173 6985 10102 17400 11567 7107 14203 5851 12749 15937 16032 13517 15397 18841 17399 13724 16825
10472 7813 9928 8142 11166 10510 6250 3917 7926 10303 6433 12187 2039 15233 9491 10480 15675 19784 19057 8565
18534 18618 13745 11600 2302 18227 8495 17737 1 1 1 1 1 1 1 1 1 1 1 1
14229 6616 11911 16274 2845 14065 12338 16340 19303 17715 6470 15637 2901 18349 13580 12132 14013 15198 15558 15725
10857 10178 9624 6969 8600 12677 17600 7266 2672 10263 15469 13249 14719 4168 16860 13834 4332 2603 17410 768
1978 10830 7154 7576 10796 6038 17410 222 264 7311 6788 9560 1 1 1 1 1 1 1 1
12335 10225 11695 1349 11533 5907 18 628 1 1 1 1 1 1 1 1 1 1 1 1
9414 5331 12551 8197 18968 17921 15943 16525 3090 15142 10079 16384 17962 16191 2760 5647 13342 4636 19369 12498
376 4559 577 2384 8141 10747 5735 15505 7337 2850 12710 3098 9994 19291 6450 3752 2810 2591 12753 13305
10905 7165 6432 9616 19561 11200 11583 12002 10498 14978 3003 4263 1304 910 8 1 1 1 1 1
743 13304 6045 1210 16961 13051 284 18704 3585 3154 17653 13886 222 1 1 1 1 1 1 1
3868 1699 3813 18852 18336 1076 17650 13351 2041 4709 7776 7270 17457 15944 10846 8017 12064 15555 10624 245
14041 12833 13670 6028 5536 14159 19660 18326 11329 14671 9769 18850 13784 15587 2517 18506 799 9954 15522 12834
7666 1571 9254 3791 4030 13748 15648 11188 1201 9932 16830 3088 5498 17598 6788 1214 1 1 1 1
11894 14009 12223 15247 14591 1913 7998 147 63 3926 1 1 1 1 1 1 1 1 1 1
19189 17826 9904 6383 8984 12576 7670 6047 9977 13982 18778 5697 5438 7374 14137 15711 19009 3287 6747 932
2848 15992 2210 6926 2457 2429 1967 3636 16538 10551 693 6982 18151 17661 127 18094 19279 8253 19806 7062
14259 13705 11050 12681 16758 16156 570 3533 1945 19550 17330 18800 8249 10004 17915 8413 6684 1081 401 10727
1004 11235 11657 14877 10119 1830 1379 6500 11392 10869 13641 7227 7772 1090 14302 1591 13448 1640 16038 10956
14306 460 5430 15614 9988 1640 11071 16993 6691 4622 967 809 196 5624 15212 8770 5613 234 18025 16819
17052 14392 13164 11775 3800 17563 8250 17275 9969 13266 14813 7196 1472 114 3458 692 5336 8438 3716 9327
11501 3979 17098 7767 17818 15374 9170 3807 14573 103 171 1 1 1 1 1 1 1 1 1
15591 19082 14151 15110 12389 13040 15181 14974 2187 4107 1864 819 7214 702 382 11502 14448 11423 8031 4789
4326 13481 11281 16361 6949 1756 19380 5047 1786 2620 9979 14536 17915 16302 1310 2247 16254 18638 8634 18298
7266 6143 186 6580 12273 475 9824 15371 961 3324 2722 1817 5779 5724 9413 4508 11059 13858 13987 539
12645 1481 4582 11599 12967 13039 18353 6269 3308 19808 17831 4405 6112 580 8055 16929 17060 10841 14656 10685
7541 6814 1420 4459 10544 17344 14742 15200 19067 6344 6104 2304 3441 16461 17892 5966 14050 14775 1892 2089
18335 11780 15826 1126 83 16766 2613 1252 16852 12565 8030 1903 10384 3911 10582 7907 10035 15597 7357 7446
2955 3315 3482 14254 2271 19124 2498 7480 2692 5015 10000 6292 796 5494 11629 15920 17950 15475 17660 8493
16975 5167 19565 14483 1522 18706 15884 6031 1183 7417 725 3575 17207 827 8955 11438 13657 1692 4564 1920
9140 3761 8488 2366 5587 14933 11260 19181 17521 1268 18970 6847 18762 7775 15784 12606 18891 13204 15967 16025
12244 5454 1701 7010 6886 6493 5600 7736 13121 15976 1114 15 14140 7535 16214 18337 9840 15708 16973 7371
10199 7126 10775 14000 19673 3994 1567 13636 9661 8444 3168 3573 18006 3364 19530 16740 2948 6682 17612 14040
1279 17245 15856 3582 15742 2677 2814 2983 1242 18894 1756 842 4195 3397 4773 9417 12519 7797 13408 14084
8060 1340 11848 1697 1793 5256 1505 3724 16529 19667 6660 3893 9016 4916 10575 18855 16506 10181 19411 18833
180 18232 7853 16470 17121 19262 19055 6268 153 5945 4900 11295 4783 4463 15583 18529 15504 12112 8870 4373
17562 15362 4944 11030 5837 11666 9128 5867 18825 14060 18617 6102 14833 5391 6328 285 6827 389 647 11123
10224 3279 591 358 4556 13905 19452 5042 7405 6803 5898 2145 532 13494 8589 15140 2868 18068 2528 18925
5562 8663 15680 17048 17120 18246 10350 7389 2821 1142 8486 10193 4661 12136 13580 1450 14922 18737 14766 280
10895 403 8540 14625 17111 18823 19281 14127 10425 2061 2341 7522 8839 10264 1159 18131 18856 1 1 1
15891 16185 5207 4164 1574 6694 5333 3297 16646 12111 5984 14465 691 2122 11988 14116 19678 11438 11527 15809
7396 7563 18335 6352 6575 1008 925 1082 9096 14081 10373 4877 9575 15710 18041 8745 19556 11894 12574 17367
9248 13118 18564 5603 3354 628 10112 5264 11498 4806 7656 18462 4908 3538 150 5067 5773 1890 6001 14674
7842 12569 6447 9668 19014 15341 13800 3944 5349 19346 10928 15543 11856 11320 16687 2320 17285 11483 3850 5483
9535 5782 11091 10967 10574 9681 11817 1751 11287 3200 662 2992 11616 14 8562 3121 19789 197 4470 2217
11207 14856 18081 19564 8075 5648 17717 13742 206 12597 21 1 1 1 1 1 1 1 1 1
4591 5143 7663 3903 6758 6895 247 5323 9220 5837 9634 2236 2875 8854 13498 16600 11878 17489 3892 8885
1475 86 18450 5874 1200 5586 2716 1577 3124 10741 8232 13097 8997 14656 5923 9328 14262 8647 19521 7025
5409 11934 6129 3685 10127 15103 10349 759 10026 8981 5052 8864 212 547 1 1 1 1 1 1
2898 3421 15111 1351 3492 3285 9948 2624 18141 12792 10183 18914 9472 1275 2759 10908 3761 4728 15204 4008
7360 4672 19289 8637 17986 18169 9123 11486 10884 2847 6226 13886 17575 12670 19221 9067 4676 6609 10742 6164
12744 19761 14221 11868 5238 3682 11470 6902 5223 12567 14274 8742 16217 17661 5531 2169 762 1 1 1
4484 12621 18706 1350 6664 16845 18208 14506 4321 6422 11603 13916 2463 335 47 1 1 1 1 1
14558 9288 515 5655 10775 9414 7378 13723 16192 10065 1912 132 1 1 1 1 1 1 1 1
11644 10703 10433 10656 5089 2741 5163 13177 2990 14454 8958 13656 19791 19816 12826 3908 2822 4498 39 4387
777 194 9684 7435 4709 14193 9345 15579 8887 11737 1441 8989 7619 4231 6261 3786 5971 10082 1597 16189
16650 2794 13749 18864 19422 17881 3308 9430 18234 15009 19624 15937 15401 16680 6401 14925 15564 7931 9564 5760
9863 15172 15048 14655 13762 15898 5832 15368 7281 4743 7073 15697 4095 12643 7202 1515 18973 15533 1 1
18937 11975 10825 12156 9729 6822 1432 4287 11330 11735 2451 11526 4525 6648 6954 14844 5284 264 17611 9342
9224 11744 7984 10839 10976 1947 9404 327 9918 9004 12357 842 1 1 1 1 1 1 1 1
4167 9859 9955 642 9667 2361 5658 7205 14822 12313 28 13078 18737 10004 830 1682 1719 664 11106 13178
159 10210 7766 1562 19184 14430 4840 14107 13062 9133 18217 12625 18037 7166 4817 7949 17032 12535 13078 8927
7502 19192 5432 7573 7366 14029 6705 13261 16873 14264 16862 13553 3894 6840 14989 423 8809 19285 8089 3277
8753 615 12718 11772 9115 13204 15567 2371 6928 10307 8694 12284 16751 8646 13148 1026 10690 14823 5854 1
14639 18302 15949 2216 7763 15551 10983 19448 16648 18355 12823 6 1 1 1 1 1 1 1 1
3991 5359 5431 10745 2259 10112 18587 10223 1234 15684 17001 6544 9321 16461 18956 7048 14332 8982 17452 13175
13369 2936 9736 14856 13495 11459 17804 15307 14146 1156 8853 10284 13858 6442 7167 19600 19689 7537 10007 4143
2981 14514 14737 9170 6822 9244 17258 422 18535 13039 17737 17363 299 158 7989 1666 1 1 1 1
6646 13765 11516 8790 18274 13426 19660 12968 15818 65 13070 4021 8312 10342 7867 10052 14163 5678 5709 3200
6875 17830 11098 16892 19 7389 13511 4620 19090 9599 1391 19482 3830 10482 19006 19645 12012 13645 419 18547
19253 19129 18736 3652 11573 9913 19449 11362 8824 11154 10 1 1 1 1 1 1 1 1 1
16056 14906 16237 13810 128 5513 3300 452 15816 1 1 1 1 1 1 1 1 1 1 1
15825 12065 14920 59 6028 13485 836 13999 13085 16438 15640 17016 9132 13723 4916 10004 6432 17047 18125 16337
273 14036 4723 13748 6442 5513 11286 18903 10194 2350 17159 17543 1809 4911 189 5800 4745 15187 17259 5058
14291 11847 5643 17192 18511 8921 18188 17143 13214 17026 226 2967 11247 8898 2573 12858 16616 291 13008 18582
8862 18080 11654 11447 18110 10786 17342 7402 3687 2447 17634 7975 10921 19070 4504 1262 89 3477 968 8988
3422 16799 15853 1520 2497 19648 6452 11009 14388 12775 3686 525 12727 15111 5107 14771 3515 14326 17179 7222
8746 325 6297 11844 19632 15064 1971 6148 772 2197 5886 222 171 1 1 1 1 1 1 1
9440 9512 14826 2742 14193 16281 14304 878 19765 10982 4528 13402 13533 7314 11129 18413 623 343 932 1
7017 13817 18937 17576 15540 2817 19388 18227 5237 12934 14365 17939 10523 11248 264 2142 11618 14088 8224 19463
18595 18818 13251 10903 13325 9038 4503 15793 17120 384 4617 94 15068 12070 3830 3919 8201 12549 7394 1284
17846 15597 12871 3953 17507 1488 17049 2765 9603 17151 8102 12393 1137 11948 14133 18244 9759 9790 7281 14813
7566 15179 12357 2504 11470 3890 2460 48 13680 5472 5428 7911 14563 3142 1037 4017 17726 4500 19311 11585
2060 11406 7733 15654 13994 14102 15443 3320 15235 4248 12257 9079 15364 9677 12440 12498 14460 10313 2777 5725
8272 723 1801 8585 14469 5450 8446 8802 17214 3677 18794 4760 9354 2356 5057 13690 1 1 1 1
11359 3818 16535 19689 16810 12733 655 18790 11006 16109 12325 18273 2216 1818 1788 11451 13563 4676 3607 18339
292 835 4495 2258 16514 12973 13236 9472 4666 12572 2819 15855 3378 7158 9244 137 8372 1 1 1
7042 17853 3288 10749 6710 3260 11359 14840 1053 19791 12809 12421 3946 13480 969 1454 6735 15749 17404 9913
16050 14327 855 5171 17853 4759 4581 18958 4356 7733 6464 343 12639 4356 1160 11099 99 1 1 1
1600 1260 8198 684 8334 13970 11130 19411 11439 9538 4698 846 11478 11182 728 8320 7592 6985 18628 17521
15145 17615 11751 7147 622 10045 14411 17932 16181 11664 10707 18931 14308 7271 6126 1886 4619 1150 2968 11306
11728 16076 10921 3139 4752 13263 6474 10674 302 17553 7003 2037 3990 14348 15869 13804 627 47 103 1
13286 13317 10808 1 1 1 1 1 1 1 1 1 1 1 1 1 1 1 1 1
10593 8027 10957 15112 19663 16363 15184 17397 2412 13912 16463 19839 17484 5356 5532 9968 5372 18531 701 1
1402 13840 6304 9252 19580 815 6982 10614 4603 14504 6443 6825 1319 135 1 1 1 1 458 1
7563 10509 8864 3241 587 10472 10456 15222 14988 16713 1020 14249 4556 10596 10197 18073 9450 9790 778 12697
14383 1180 19786 18522 15043 9763 1885 15887 18657 4019 14808 8497 5726 4841 6246 9299 15950 2300 18439 7227
4804 5882 12666 3318 9531 1448 12883 12258 7758 19394 8841 13435 6437 9138 17771 3693 17492 12429 6297 11871
2944 5016 8978 1994 16814 4736 1873 1444 11846 3024 7684 6297 5899 5869 15532 17644 8757 7688 6591 10928
4916 765 16596 1040 17054 17317 3020 8747 16653 6900 2503 7459 16393 13325 4218 12453 17581 6221 2569 6375
18979 7369 14830 10791 7341 15440 18921 5134 1 1 1 1 1 1 1 1 1 1 1 1
2083 4936 9252 3885 8840 8662 18569 6091 4021 10545 914 16720 17269 3538 15180 13941 7540 1634 17684 6267
5341 2357 1906 12415 18051 15211 3188 15520 13619 8779 10658 15559 15263 3233 12401 11673 11066 11774 6468 14382
14814 15832 11228 4703 14126 1 1 1 1 1 1 1 1 1 1 1 1 1 1 1
1845 15002 7220 8833 17344 10555 2162 411 1160 11084 3161 8071 18429 11800 15767 15943 11583 829 18121 14035
306 14889 18949 19268 18172 2998 14276 7279 4948 4661 12959 9282 19270 7671 13227 8276 618 3731 793 10919
12108 2079 19193 11245 3986 19265 2778 6493 3450 14955 13005 7356 9437 9613 14049 9453 1265 11756 12867 3816
1679 10385 13333 3893 593 2868 1627 8684 18585 10524 4069 5400 5469 409 19131 16287 7082 18988 17132 15856
14590 12945 7322 3810 14553 14537 19303 15442 873 5101 18330 8637 14677 14278 5255 13531 13871 4859 3810 2141
5261 3264 15742 19124 194 5966 13148 15007 8100 18889 3845 1035 8922 10327 2303 3245 6381 12106 11308 18024
9963 16747 7399 13612 5529 16964 117 2887 63 12922 17516 10518 13219 6076 12263 180 5833 2669 15952 4465
9097 2894 2780 3487 8817 5954 5525 15927 7105 435 2502 9980 9950 2001 15638 1 1 1 1 1
4846 10420 5121 1044 2790 7101 12828 4420 636 6584 11540 2338 17406 9904 10397 6158 10302 6650 3591 8950
11066 826 14872 11422 19521 10240 127 883 14279 13395 14847 623 9131 9616 14897 1811 3086 18075 12336 4694
9017 13333 7966 12921 12743 16558 12518 8102 14626 732 17613 8810 7619 19261 18022 4060 5715 10455 2970 18802
6438 6463 16496 3725 19292 7269 18543 17700 12860 14739 950 1499 7314 16482 15754 15147 199 1914 18463 1
19508 15309 8784 2281 5276 7722 13879 19826 18869 5603 3153 15433 14288 10048 12781 6771 6939 19468 15371 16260
62 11301 12914 10342 14636 6243 4492 10281 15165 7242 2619 19699 3230 19848 18359 15664 4910 5290 18116 10784
18970 12724 11164 1574 7079 18357 11360 9029 8742 17040 13363 2659 11752 2115 12357 4699 7812 4874 15000 7650
6160 6651 3498 2402 14641 132 1 1 1 1 1 1 1 1 1 1 1 1 1 1
11149 17414 7974 8977 3495 5708 12765 16478 14605 8150 9481 2498 4490 8367 16577 11163 8620 8859 3080 1433
17026 287 7891 18634 18618 6974 3701 2815 9182 18402 956 18758 15549 3361 17612 17952 3218 7891 6222 9822
7345 12658 14784 4275 10047 17229 19088 12181 10081 2560 5116 13003 14408 6384 7326 10462 6276 15389 18429 6318
12256 11480 3354 9610 10470 4198 6968 16417 3119 18872 14599 17300 10157 11855 4261 9914 6750 9517 8546 3505
977 6861 7568 12898 1194 9606 6830 11186 1305 1746 14061 14031 6082 19719 5803 740 2145 182 13339 7533
14501 9202 5125 6871 11182 16909 157 1 1 1 1 1 1 1 1 1 1 1 1 1
5431 18953 15503 5628 14321 2910 4964 18360 17476 16189 4704 13212 13697 764 5892 11038 64 579 8775 1
17414 12047 17002 3751 7232 14253 12183 18707 4813 15051 705 11700 14 12192 8141 9796 2305 7051 18407 7830
10544 15351 7806 3218 11350 8683 18587 16941 18820 5031 5580 4617 3491 129 1 1 1 1 1 1
19390 726 6362 3522 11803 2773 14617 9244 9684 3870 19514 18369 14129 16862 10852 11020 9913 2693 19331 15767
15382 16995 2437 6803 10324 8573 4056 19246 11323 6700 10758 7311 867 5125 19745 543 3698 15826 490 1418
16805 5359 5655 7410 3066 99 1 1 1 1 1 1 1 1 1 1 1 1 1 1
10732 7579 6483 18722 2587 14655 11612 1328 1270 15518 7581 17775 1538 5625 9427 2871 6523 11978 13903 15868
7504 12055 13058 7576 9789 16846 14192 18686 12231 13562 6579 3472 2360 7099 10923 67 314 7161 5514 12075
1644 11972 13619 14066 3006 7782 6896 13263 10325 5037 12075 19630 7442 18558 11082 7299 11972 10303 13903 8460
16739 18865 8356 2848 7614 16313 16262 4012 6641 9197 17084 2589 10465 1842 14543 121 19470 15 1 1
15561 7435 2155 14551 8279 11049 19295 7200 12245 18680 5273 13624 15936 8342 13995 10831 13598 12627 7586 17942
10942 1923 16979 5275 13687 150 15267 627 5827 1 1 1 1 1 1 1 1 1 1 1
13283 9206 10952 15263 7479 13084 16848 76 1 1 1 1 1 1 1 1 1 1 1 1
12987 19584 9709 18402 1139 9045 17861 27 1 1 1 1 1 1 1 1 1 1 1 1
3183 647 7832 11313 18334 16264 2590 8894 3158 16972 15781 10462 3208 12222 13877 6386 11132 215 458 1
19432 1232 1054 15431 12764 4206 2937 17665 9112 9661 17052 7572 17613 14312 8361 10076 19342 19080 18430 12002
4807 10443 7603 15884 7912 18698 1171 3050 7951 7655 449 18210 4065 3458 15101 13994 6774 6026 19848 161
6728 6518 10884 14405 12654 8137 4163 1 1 1 1 1 1 1 1 1 1 1 1 1
1225 9736 2947 7147 19522 17191 16904 17458 302 10821 14718 8159 8335 3975 15974 671 1 1 1 1
11660 10564 12529 6668 18736 15693 745 5351 19599 11662 63 5619 668 13508 677 3437 16059 17984 1922 267
16136 17139 11657 13870 1264 372 1 1 1 1 1 1 1 1 1 1 1 1 1 1
16053 17700 3455 1458 1076 10977 17344 12892 9118 16156 19637 11523 4888 15163 11380 16053 14384 17984 12541 18674
7790 7058 15141 1618 9318 10861 11902 9763 6098 5844 10885 11602 6168 17050 4884 9783 8350 12084 7675 11406
6847 1096 7369 8188 18735 338 2604 2549 9914 9067 3730 16511 16498 2264 648 15075 3639 4945 505 11780
2294 16383 8097 14306 15980 8723 14133 1436 17355 10140 15603 12175 10641 5220 1913 1453 1 1 1 1
14659 3742 15438 7037 11153 16025 14635 11670 6081 7600 13978 10046 10028 802 9210 11901 18520 17968 3999 19698
2186 16153 4274 15529 3601 2943 19274 19704 16613 3045 12580 6554 1263 2702 15031 11769 12984 1 1 1
10301 2756 5236 3688 16222 18826 4118 12986 19015 2341 4358 13298 7759 8276 8403 8309 12110 15019 9706 18204
7209 8098 3524 189 19397 16159 8173 16263 5574 6748 769 6747 2364 14529 370 10282 3237 16062 16976 7848
9954 19339 10841 7452 515 17820 14229 17367 3043 2408 19578 8195 1121 1393 1 1 1 1 1 1
19586 16711 362 3794 14183 8491 10006 17470 18675 10108 4522 16641 11711 3767 10808 18396 233 18925 19415 1022
14769 13122 19683 12599 16918 19067 1425 15279 187 10038 16080 10519 3040 1116 143 18258 36 1 1 1
17911 629 16068 16974 16457 142 9480 18941 10125 11156 8892 14339 19554 15242 3466 2532 16340 14986 7966 7
18844 1660 10489 2350 9721 3576 17467 1690 10156 16550 11001 15170 11801 8874 16890 5525 7039 17792 3486 2782
10267 15194 13877 7781 3284 16199 12787 4221 5045 4633 19012 7076 15027 18736 18754 14690 13665 2578 11408 8643
384 19222 5699 13399 14942 15983 13844 3084 4020 14966 15683 10249 13030 15700 13864 12431 16165 11756 9371 8679
5177 11450 12269 8330 4419 8 254 1 1 1 1 1 1 1 1 1 1 1 1 1
4869 12178 1196 2965 12804 206 1 1 1 1 1 1 1 1 1 1 1 1 1 1
613 5475 14312 15234 4345 18716 15751 10162 11681 18059 14127 14109 4883 13291 15982 268 19750 8080 66 14265
14721 7929 19610 7682 7024 8407 5012 2409 7126 16661 514 8424 6783 19112 2093 2750 2198 12571 9815 13076
6837 9317 7769 11797 6455 8199 3934 843 3460 15023 17379 11840 12357 12484 12390 18834 63 13787 2204 13436
11169 7605 4270 452 3056 12254 10482 4575 1 1 1 1 1 1 1 1 1 1 1 1
6703 14922 11533 4596 389 18310 493 7124 6489 19485 12276 707 9025 9634 7300 14413 292 1206 14796 4844
3569 4443 7875 18264 12572 1447 15615 8845 12536 3808 18706 15792 7848 14889 18206 4972 2792 18026 5103 9361
17203 7706 16680 12476 8419 5506 19360 2905 14119 17057 871 7121 5197 3240 2626 7008 3155 3645 8370 1642
4710 3913 14880 1148 4223 13561 12717 1434 15237 310 12219 2299 19323 7547 2488 18993 19067 12047 8241 15502
5741 298 6431 687 7657 616 5771 14237 18182 3262 19251 3784 12955 9447 9606 570 5035 7567 6863 15579
19275 17958 11862 7365 19496 16868 8302 9126 8714 9213 11157 19108 3954 1120 3728 17746 2022 15489 12724 4268
5174 9780 16 19023 7800 6552 7165 8101 19047 19764 14330 17111 13046 2984 16512 14 5 1 1 1
3452 16350 12411 8500 213 10711 18076 17229 11892 18919 12706 5361 8810 10912 30 395 1 1 1 1
16259 5277 7046 2945 7303 9598 14005 18302 6270 4822 18803 13382 2767 8777 10571 3029 19589 14828 2344 9301
9556 2617 19315 8426 2444 19832 14243 15762 11133 18208 18190 8964 17372 11606 4349 1078 12161 4147 18346 13488
3749 7656 11763 11105 2946 9093 6490 11207 2289 4595 1179 10864 19197 212 6831 6279 13232 13896 17157 12849
13398 11850 15878 1466 12280 8015 4924 7541 891 10660 15921 3610 16565 16471 11734 15895 17868 6285 17517 12292
11686 8351 4533 7137 16335 1297 7326 14910 8931 1609 4187 17514 8532 18444 11399 222 1 1 1 1
19003 15614 8677 4470 10477 4574 11205 10570 7171 16357 9509 13106 9615 11381 18494 65 5287 76 1 1
3278 11956 12292 16653 2540 19696 12926 2820 7889 3740 5630 11929 18970 17272 9053 4213 47 13897 13442 12651
11787 4598 2494 12500 9587 5781 6986 18200 9259 4952 22 9278 14085 12823 11089 7236 2256 12451 5723 11992
7994 910 5229 8304 17642 3590 18287 19318 4391 16300 6380 4619 11628 6569 13555 14195 16128 2731 19583 1612
4379 10512 4768 11738 4697 9852 18318 2315 3571 13627 16354 17036 13528 13687 4651 9116 11648 10944 19660 2499
478 15943 11446 2719 5778 12383 13207 12795 10354 3481 112 8035 5201 7809 14906 6103 19570 16805 8349 4908
13861 4097 2405 11881 1098 11246 7097 39 7323 18411 3338 17127 7065 3001 1976 633 17533 16841 10374 4925
10958 16492 12581 4294 2155 12521 1573 3277 17777 3393 9442 4011 2175 742 17188 67 3798 12973 3565 10625
580 11127 7026 11384 13679 2306 1459 10351 8903 8890 17463 3765 12858 14652 7110 13324 18909 6425 13382 7311
6698 13332 12507 6525 10955 18324 19843 49 19356 3033 13045 9215 15687 8430 5159 16242 8228 16405 17569 10368
2623 3545 15186 7027 4062 10571 15288 6370 2438 2420 14945 1602 4293 10912 10360 17313 17977 2576 16930 2224
15931 9910 5547 16361 12096 5230 638 4972 14741 1219 7691 7423 4161 15815 68 10562 383 1 1 1
12432 8614 11677 7953 5378 11407 18991 13012 5690 151 668 795 701 15480 222 13 1 1 1 1
19695 12758 8551 565 8655 15286 14651 13804 6116 13590 17187 13696 15462 12777 8454 9368 240 13006 18102 5602
16037 8986 15736 6621 9759 17007 6901 11970 587 15 1 1 1 1 1 1 1 1 1 1
3159 6575 883 13668 9862 11067 18315 13340 9033 4103 13359 3200 16904 15170 11317 6337 16532 12272 16073 9827
4991 9310 12385 14904 7671 4237 2430 8472 2911 10461 1267 3153 10650 2423 18276 11113 10202 11791 5693 8375
14593 8849 15819 1872 13933 14793 3548 1284 17708 11946 5695 17609 17768 8732 13804 490 1 1 1 1
4018 15527 6800 9859 16464 17288 16876 3393 7562 18479 1266 9282 11890 18987 10184 1426 10383 3890 8989 19146
173 6486 15962 5179 15327 16263 1138 11404 18266 7419 13806 11146 7082 6057 4714 15668 1035 14455 9006 5353
5791 16662 8375 6236 16602 2317 7358 8075 2641 13523 1357 6256 4823 8338 16829 1 1 1 1 1
722 11107 15465 17760 6387 5540 203 12984 1160 383 1 1 1 1 1 1 1 1 1 1
17413 16588 10606 15036 13828 11971 19295 8648 7114 17126 13296 19768 12511 1453 7900 2258 129 1 1 1
7626 19267 1423 8143 2554 4073 10451 6519 6501 19026 5683 8374 14993 14441 472 17454 6657 15616 6305 1159
74 9628 15747 16177 13086 4719 9053 3027 14216 11772 11504 8242 9457 1453 1543 2207 5468 1160 2736 3157
12695 15299 591 9459 6044 12990 17093 9771 4232 4749 4876 8 19561 1 1 1 1 1 1 1
16839 12632 4646 12736 19367 18732 6934 3220 17671 11002 17777 19543 16858 12535 13449 4321 17087 15904 2637 17672
2093 19817 10702 13840 11141 10982 16051 4668 13792 1417 19682 19725 17215 1 1 1 1 1 1 1
10656 4964 17749 13943 15148 18139 995 13114 8184 17440 7281 14869 19251 15398 10418 2208 13885 962 1798 10148
13391 16466 16699 11752 18173 6511 12553 6992 14542 1619 2396 14731 6504 3584 15194 762 15872 303 1 1
12930 11555 5953 18014 18874 7629 11733 4611 16027 11017 16076 15968 12813 17278 4439 19106 7894 10661 16398 11506
16388 2734 18233 3156 18937 14454 297 10718 2008 10953 1 1 1 1 1 1 1 1 1 1
14033 9633 14919 9713 11825 19535 17339 19828 18129 5195 3468 2320 13974 15908 7767 4096 3016 7856 305 1568
1030 1139 17976 17438 7016 15261 782 7417 545 19786 15943 1254 5680 8348 9018 3308 3733 19646 1614 9736
10184 19143 9832 4686 3889 16828 18493 6297 5898 109 11025 13435 8 949 65 542 632 2049 1 1
8995 4687 6263 6684 11476 18992 16448 15235 11353 11005 5277 5630 9275 6613 11114 10699 17496 4194 18765 16909
9355 4130 18854 16665 16457 7516 19504 539 14212 2822 17670 13550 15269 2410 8008 19314 3926 1667 1 1
19522 19431 6164 13888 17073 3340 18027 17200 13692 11001 18331 13668 14185 17 191 1 1 1 1 1
763 16550 19323 3968 11102 7384 12849 12064 9238 1 1 1 1 1 1 1 1 1 1 1
17412 4489 17435 13675 17079 3111 7360 18121 17450 9179 16325 16051 7314 2000 12285 5000 5262 1620 1 1
29 3830 15983 19121 8657 7034 6713 1 1 1 1 1 1 1 1 1 1 1 1 1
11421 14188 19774 15033 6117 3362 4822 15901 10724 15594 14995 15645 7556 1278 7201 3044 3664 10184 343 1214
11498 16597 74 2972 9494 14915 3218 12714 7242 17625 8500 10342 2195 8124 1967 17300 9741 5266 6144 18265
187 3148 6903 4198 12463 7689 17377 5961 8586 2484 16993 3922 4539 10465 781 11365 4053 5589 3417 4379
2212 12994 7237 154 5586 4378 14799 6089 15034 12021 3348 5036 3156 488 13463 5187 5635 19638 10082 11352
13714 2463 13794 3300 1 1 1 1 1 1 1 1 1 1 1 1 1 1 1 1
5220 69 1 1 1 1 1 1 1 1 1 1 1 1 1 1 1 1 1 1
9407 16654 8767 19220 47 1 1 1 1 1 1 1 1 1 1 1 1 1 1 1
3373 10344 10765 15557 1058 10767 19316 15434 2733 9358 9711 13356 10694 1 1 1 1 1 1 1
8211 121 17284 1868 3222 678 4620 18293 6903 17299 17631 19350 6491 12089 1285 1726 15262 2995 1139 2392
2016 10245 895 687 7421 3734 15591 17773 15082 1900 17749 18266 11542 13292 3544 13422 4363 4825 18266 10848
10801 488 8647 1303 11465 16930 1430 13319 7897 2561 11223 11636 14169 12664 12364 14813 3491 15962 7798 15662
8570 3553 17756 14721 7192 11441 561 10531 13260 15038 13215 11395 1433 16366 9081 9343 534 1 1 9
7911 1665 19841 12738 11115 14492 2351 1680 12339 555 281 13790 5302 49 1 1 1 1 1 1
18269 213 3351 10198 7443 8903 3944 3500 19675 19076 19726 11637 1 1 1 1 1 1 1 1
10016 4155 7053 13575 18996 7299 131 11323 10244 12581 14423 6276 12205 6048 5949 13822 9347 15426 7132 18687
827 10984 8279 10039 11770 2681 10042 12667 1855 5542 8003 8620 14546 4862 15446 8134 9670 7498 8460 3856
844 1767 4235 9667 7514 1 1 1 1 1 1 1 1 1 1 1 1 1 1 1
6544 17875 7248 2765 11517 13070 50 13357 11630 458 68 49 667 1 1 1 1 1 1 1
3230 4986 15178 7846 8944 8139 10060 343 38 9416 13842 123 1018 1 1 1 1 1 1 1
17994 12848 7860 3572 13505 14459 14060 8271 19187 4671 11711 13670 14494 14586 15026 7957 3425 3152 15974 14186
884 14846 19638 5139 6804 14737 19515 6814 13439 1746 17437 14775 5442 18861 3175 15119 3512 2184 5020 5573
4202 10181 5949 7303 4759 8701 10385 10984 2389 11421 1368 10572 1667 632 593 22 1 1 1 1
14326 4976 4768 11502 7815 19672 9605 19163 5981 11174 3580 15623 17373 7625 17503 8444 8906 994 1434 3695
1521 12728 5384 18077 6338 5511 17400 11978 6642 1979 15717 18250 16745 16445 18894 7572 1914 11879 19743 14050
7634 14383 5193 11273 1160 375 14612 17341 4 17296 1743 5514 14075 1 1 1 1 1 1 1
5746 1986 16819 15196 18573 6432 5761 16420 4636 4362 17871 9383 596 16052 519 2425 14449 1524 6841 5891
4294 7432 14279 11524 12984 11186 1517 4283 5832 12549 15718 9440 5088 11206 11826 18346 5350 1168 16438 10838
8236 3344 17656 14158 11380 4212 15404 3905 3306 3956 10357 16286 10129 6 1576 13428 19507 11213 13980 18328
15065 12360 14120 3226 6762 14123 16748 5936 9623 12084 2645 18627 8943 19527 12215 13751 11579 12541 7937 10848
1272 8685 13748 12540 1342 14251 890 19 5304 11 11318 8650 1704 13349 13797 5821 18244 19514 14600 19476
18632 11329 6846 15598 17151 1956 17438 15711 4539 11768 10972 9441 8893 15259 1119 7949 13811 11705 15406 4119
2105 19259 11927 361 99 1 1 1 1 1 1 1 1 1 1 1 1 1 1 1
16929 16132 7653 9680 18540 18141 12352 8335 226 15792 740 1410 18667 19107 12038 1883 2128 5028 18267 99
18927 14493 9220 10885 2084 490 10895 17520 5827 1 1 1 1 1 1 1 1 1 1 1
2906 3868 11384 8840 12782 14466 15065 2365 15502 1667 14653 8946 3091 9888 2451 11157 9301 194 5441 17157
9057 8849 15583 11896 8348 13686 18617 10062 15255 7661 6381 400 11706 16255 73 154 5075 5974 7776 11886
16211 9465 19627 10419 9592 6084 3393 10723 6060 19798 15692 1603 4338 1733 11653 5995 15960 19047 842 1
18464 3494 15354 5241 4456 1630 3172 4085 11491 19557 9595 975 675 17505 8696 14661 17327 16930 11124 8049
6067 18428 19277 8526 10513 9842 1571 8717 8443 19271 13464 4677 3896 4600 11146 18530 16332 10922 9972 13036
11513 18360 3985 17065 15267 5598 650 9913 16630 19799 13521 9169 282 15907 113 158 264 1 1 1
7425 7240 18239 15461 8293 19485 7986 7387 8037 14438 1375 14210 1515 1 1 1 1 1 1 1
16441 1886 7307 7950 18204 13211 10017 892 16165 6726 516 13024 14329 16296 17832 3737 16622 12018 2558 9007
12397 17829 16621 19015 18332 978 4100 9385 2952 1619 2857 5785 17430 17878 9902 19521 12032 18681 1494 12935
15410 10927 19679 7191 5856 7426 19792 8620 15849 15053 13522 12974 19340 5200 14184 17892 15786 19487 8200 15247
18341 16008 17106 16301 16869 1668 1587 17578 10447 12381 4240 569 19635 4329 17938 3693 9761 4087 10793 17604
3489 11734 13761 3890 2253 16433 12416 12833 2153 4821 3826 19803 206 16119 5964 6209 64 1 1 1
18574 13301 9714 2770 2371 1076 7498 9908 22 1981 13604 2897 11337 1912 11674 1 1 1 1 1
7949 15465 12921 16863 18547 19146 1750 2103 5748 3086 4888 7172 13969 3430 15238 13382 4275 1487 1416 9857
12930 19664 15977 12429 10685 3904 14143 19336 11742 1381 4481 14401 11923 16606 4235 10699 10055 11857 1387 4362
13546 3073 14500 13673 10165 7474 14804 10141 10658 3934 5684 8419 5814 15734 10076 10658 3240 1191 77 8
7575 19435 9322 8537 5711 289 8166 15572 9905 13676 5056 4756 7205 12777 18742 190 8054 15205 12130 18949
13552 17668 3833 14594 13923 5652 12798 12524 2987 8 8758 131 1 1 1 1 1160 1 1 1
5130 3507 6884 19348 9679 4731 13994 17768 6182 17602 13250 4363 19597 14291 13512 562 11319 5698 17181 15158
2590 586 19542 12374 7197 12067 11468 12118 18519 5456 18291 2049 137 6657 6414 19375 4749 9072 2766 19026
19313 2357 11727 18774 16433 6525 7744 11048 16552 7156 7904 7629 9271 18325 12543 10930 14758 13443 645 11981
6566 3163 14320 1624 2300 15076 6365 17152 16523 9704 2473 4964 1885 1975 16059 7163 6094 9714 5472 180
12636 4372 10694 1280 5435 2794 8644 10235 10061 17419 3097 2005 3554 19474 1915 4104 984 14107 5429 6914
16709 17262 12030 753 14582 470 2673 6430 16147 3712 860 10246 17248 3112 3679 8771 7473 17129 19667 9463
7802 984 526 13384 9438 9759 7698 17760 6431 2759 16061 18343 13809 9090 3987 2432 19244 1222 3193 15339
13582 15384 4914 16947 7383 1638 13313 15241 19586 5904 18019 2640 8360 3842 16407 3803 7395 1847 4053 2498
6767 1945 3604 4127 18276 587 19747 8381 13396 7904 11393 13118 18145 9602 13944 10545 657 1 1 1
11581 18732 15657 12574 3508 19724 11764 9277 3166 9370 13005 4590 7753 6727 10311 5193 9313 1330 1 1
18530 17580 18842 2625 15407 1796 10175 7940 3963 5483 283 15601 14822 9308 7710 2422 12087 8495 16359 17709
14846 9225 793 18685 3573 3146 19268 19655 5594 778 4380 16165 13008 17985 9855 16796 131 5695 7719 7870
8276 2676 6293 8987 3131 11548 18113 4007 19546 17651 3319 17394 10611 1127 16750 3906 2370 18049 17308 17405
19626 10166 16615 2702 14029 1587 1 1 1 1 1 1 1 1 1 1 1 1 1 1
12366 2686 8757 2479 4380 9511 3421 6823 10154 2649 17566 16763 18305 2910 2200 19522 16256 13867 10514 14218
6438 15808 692 73 10606 11825 1543 3881 11237 11985 11710 30 1876 16624 15011 2473 1479 4726 16062 692
7046 628 3004 6381 19157 2240 5569 103 13785 6490 9045 5966 6056 2975 11244 1 1 1 1 1
8453 9715 5361 9516 6875 12725 1382 753 18692 383 6086 7635 129 1 1 1 1 1 1 1
10105 16111 4834 18663 4551 6754 10511 826 7793 4941 14327 5027 3704 7760 12852 11554 10116 13975 13544 18053
1492 4607 17465 13519 13840 11779 219 377 6840 3452 19296 1478 1070 8068 6513 302 1359 3897 19420 5832
19465 8995 11970 11464 5719 1 1 1 1 1 1 1 1 1 1 1 1 1 1 1
17835 1460 8208 5516 9448 10260 12462 3816 11985 2249 17199 11555 1171 18025 14626 13979 8370 12145 15315 8127
9969 19738 16655 2506 1933 3977 16516 7247 13451 17086 12210 2375 115 78 1 1 1 1 1 1
2962 1423 6706 19488 5877 14256 12021 220 1 1 1 1 1 1 1 1 1 1 1 1
1810 4874 15802 7654 7227 12932 11740 9675 4859 10222 458 1 1 1 1 1 1 1 1 1
6757 12931 2915 7212 15629 3498 3885 10504 5501 7400 11651 1433 131 12017 1026 6451 18242 59 15262 1
14247 9704 6783 18110 5668 2343 4635 3776 19837 6333 1624 5764 8873 980 7496 18185 11975 7778 4169 19363
6767 845 6560 8461 13592 7502 10904 1339 6730 6865 3012 58 6991 1 1 1 1 1 1 1
18866 4773 4154 14687 15906 5624 7962 15318 16066 15791 993 5957 19607 3946 6554 486 8807 16501 4773 9883
38 1508 10462 19463 6321 16698 8426 17866 10635 13126 10047 10137 854 15325 14256 17876 13634 8342 9400 16561
13796 9442 13597 3387 16806 5463 4834 4805 4464 10167 11716 47 1 1 1 1 1 1 1 1
18004 8915 15511 8632 740 14592 19344 1 1 1 1 1 1 1 1 1 1 1 1 1
341 8001 2893 17921 15860 4300 4458 10921 10261 3562 5559 5151 12149 10594 1675 5440 7978 9588 2283 11856
13076 1695 15545 9800 4913 6071 6944 11608 4372 6654 16522 12004 7088 11965 7555 10009 4956 2794 5078 4128
5541 12289 9597 13529 1624 3552 7897 16066 6330 16654 15636 5252 16437 18707 18060 762 1 1 1 1
6981 7836 6587 6014 8058 17439 11328 17532 11460 16291 6456 14889 2255 13355 5461 17734 1828 12540 6871 17796
3968 10787 19739 9958 18337 16102 4301 13645 1316 8900 17026 17470 15872 1757 11547 16657 2212 9425 4056 4212
8955 3707 3718 11308 17013 15821 13756 8940 14303 3912 3133 16018 15494 5206 398 13857 15881 6020 12716 17623
14455 6996 11293 19710 7579 7966 14585 9582 11481 15732 3695 9289 3891 5107 10532 1503 206 1 1 1
1839 10864 3576 9749 6424 8716 7857 5962 10414 5705 9845 12954 5061 3742 3464 16056 5619 8250 3080 12194
4926 10641 12542 17673 11583 14985 5420 10811 10946 7093 4139 11072 10362 11756 4253 19280 18676 16638 3593 2993
8854 8235 18768 13894 9705 12043 19399 17988 5877 5074 10038 5133 8027 10635 4567 2178 678 2529 13964 15867
5589 14543 10188 136 3440 12507 8748 14716 17207 1663 14218 4935 19406 18337 16117 17715 4373 1541 3534 13966
13523 17678 7468 7984 9544 8915 2096 8545 14248 15797 5223 8451 16347 6980 2106 17672 19157 10373 791 9123
12996 19592 12713 1036 18673 15590 15955 13103 14645 13189 11866 3008 7880 19716 6499 17596 19441 7631 5342 2410
3275 6974 18862 4502 8381 8539 15002 214 7643 9640 9232 16230 1163 5756 9521 12059 1176 13994 15937 917
5776 19626 2151 90 6735 11025 235 8453 7607 17306 16085 743 16046 11636 14090 1295 14741 9159 8209 11930
16370 13678 15305 18422 7633 11978 10760 10411 9585 752 9333 8799 531 15444 16532 14959 12136 16289 11884 13675
13975 10668 10095 12139 773 15409 296 15541 5510 10537 18970 6336 17436 2290 8532 456 3626 10952 144 1
14868 12419 14039 4156 4827 8382 17726 5397 12981 145 8910 2703 14665 15628 1964 6293 13506 8137 8293 17363
7788 7799 15389 2567 332 17837 13021 18384 7993 7214 1700 102 284 4479 17938 15500 10101 16797 18305 10364
11077 15374 5279 11660 12047 14342 13663 2210 19813 7776 13370 2247 9188 14613 5584 914 262 47 1 1
14945 7657 3940 10505 12797 11938 10043 14495 9786 13926 17035 9142 514 7545 10441 9700 12331 7161 16275 6336
14722 16623 3337 15664 19066 9501 14892 15027 11174 8220 15153 14443 15837 8334 286 18972 7104 7674 7074 9304
12316 810 17975 13786 16124 16946 3893 9958 9155 14119 8 12108 14716 8648 6259 2906 6610 18045 1394 6179
18624 2998 4217 7521 16588 3629 18797 4102 5744 18299 9016 7403 11356 9916 11040 8454 5622 7615 97 16313
3035 11549 2838 13625 12996 6177 12626 18329 6597 9304 12532 3636 2567 6187 19705 9419 14454 4872 13204 11653
1908 16794 5117 17955 6534 13892 17184 61 27 1 1 1 1 1 1 1 1 1 1 1
11055 1532 10641 2903 12620 19083 345 6719 1 1 1 1 1 1 1 1 1 1 1 1
5911 6232 4171 14233 2904 4316 12534 14816 10282 5563 460 14906 15717 18171 3465 11812 13240 12290 15001 5013
17759 19434 9786 11714 16059 2377 14492 79 4833 315 12880 276 16981 13663 19040 2655 14865 15965 17756 3847
14749 14176 16220 4854 19490 4377 19622 9591 14618 6329 10417 7018 6371 12613 4537 7707 519 1667 671 1
16500 18120 8237 5750 12463 5843 9478 17062 4226 12991 6784 1666 19709 6045 10374 851 12218 12374 10848 10829
11880 19470 6648 4413 436 17102 1659 12074 11295 5781 4183 2457 8560 4968 18114 14182 3439 10151 1593 10058
19455 9360 15741 16128 18423 17744 129 12638 9481 17451 6328 13269 18694 591 1 1 1 1 1 1
11738 8021 14586 480 16019 261 1 1 1 1 1 1 1 1 1 1 1 1 1 1
9149 1721 3624 19840 5802 5040 12069 12500 1341 10922 5694 12485 3924 4629 17516 12778 16380 10114 7189 11953
17981 8399 1723 15180 8345 11206 1718 18990 3296 9332 15315 16143 16532 13965 779 19272 1211 19616 10200 14731
3910 12950 10018 15304 11111 5368 576 232 16555 8643 15195 4779 16872 10545 15820 110 1 1 1 1
13972 10098 8525 5047 16196 3850 15963 17668 3968 4719 12715 8178 10747 17654 10788 1693 1181 11983 11364 12935
1751 15817 18528 8540 2523 18617 8704 1036 10640 4011 1234 19194 14440 10672 13261 9399 6591 1926 14096 5495
18392 19492 5656 7374 8426 6912 5133 8436 13852 9338 16500 8505 15280 8311 76 129 1 1 1 458
4046 2597 1432 18502 14734 6738 7023 7483 5419 6071 2385 19041 2005 16316 9080 3304 9597 11603 2513 824
15745 15901 14375 14356 15912 188 15493 851 18199 17690 1146 2150 3836 10298 15387 16305 6179 7160 19673 14207
6966 13678 5120 13585 18444 8967 9632 17338 8231 17327 15451 15644 2743 19048 3044 17657 12541 15053 898 1726
4554 9461 17866 14586 8271 3567 9653 15310 11954 13777 2118 16537 10887 17955 4791 14863 10151 5043 13979 13796
7066 629 13944 8022 18467 4608 60 17867 15032 14556 9325 12933 17530 12145 488 18991 3415 16503 2711 2771
15282 4032 16912 14570 19 7605 8849 18525 10618 4744 1111 4712 4987 6660 4877 577 11266 14978 12036 5568
7180 9002 13787 10050 9355 11221 5807 227 16633 18458 7222 12091 3259 19521 17318 10520 11228 812 2678 6548
5802 7705 13829 9883 9121 16150 16581 5422 1283 523 16566 8005 8710 113 1111 1 1 1 1 1
12480 5804 19261 12426 15287 5799 16027 7377 13413 19396 9812 4693 18046 1746 2159 610 18951 14281 3349 15346
2546 961 19385 15192 9449 2618 3220 8103 12724 19276 373 762 1666 1 1 1 1 1 1 1
14179 12606 9128 1343 7931 18355 11297 785 16206 16796 12259 1102 13391 50 5774 5262 10661 15445 17016 554
7775 16983 12621 8605 15722 193 1898 1509 8092 15549 200 18521 1884 12591 13480 10672 5988 18177 9576 11817
47 2758 11455 2695 2847 9214 12517 17933 1 1 1 1 1 1 1 1 1 1 1 1
3722 5513 4945 18815 551 11104 11564 9500 10152 730 3320 6086 3209 13161 4071 13678 15684 6594 4905 10908
13715 18456 18437 17382 4269 19574 2947 15277 8930 5227 16869 7917 546 10154 14095 10260 11241 8275 18288 17594
131 9201 17666 16009 13048 13713 19412 12312 1920 19532 19725 6824 27 7125 1160 16622 345 1 1 1
13542 12043 18667 2674 7648 13734 1568 16035 1557 6199 19188 14968 13863 8872 1887 14232 9124 18060 17877 9832
4710 2096 12103 17831 8689 16157 30 3957 18637 13406 767 10734 2185 4569 12607 7496 13333 6792 6943 15895
8113 12950 415 4100 2466 1113 2097 14699 8825 949 206 1 1 1 1 1 1 1 1 1
4917 17868 14131 3056 15302 9888 2755 2576 4704 11303 16172 7340 7514 8971 14601 17 4893 1 1 1
11786 17910 13964 13202 6070 1395 9503 5364 4604 5152 12086 12791 14289 1548 9185 18276 6 1 1 1
9885 8151 1002 49 171 1 1 1 1 1 1 1 1 1 1 1 1 1 1 1
5042 16841 19273 13530 1802 7301 89 16805 11614 17812 13519 2276 11136 19617 18433 16205 3472 10354 4868 10099
16687 13209 5424 12012 8020 15378 4866 1581 3506 16340 5183 17472 4131 9855 18143 3850 1667 1 1 1
6938 16702 10685 19803 4274 5979 5590 12173 1026 4281 18327 5965 16672 17561 14753 264 2241 1018 1 1
6839 15536 16588 6928 13295 16598 16637 17500 15189 16667 2751 16473 15298 1394 1 1 1 1 1 1
9594 9328 7198 4632 15185 15645 13581 14233 1799 2338 3591 7290 17242 8152 17759 2269 2128 8986 14989 4827
889 6813 3045 8350 9661 7028 18504 1973 9308 7352 13330 4627 14235 144 22 1 1 1 1 1
13282 2667 17198 13255 17794 15177 16393 6001 1273 14216 10905 845 11206 4616 10994 18449 7984 9888 13208 13978
16124 1896 6755 11729 17815 5649 3990 5638 3762 3955 19049 17944 12953 5968 852 13205 15518 2274 13913 9298
6177 2897 4818 12770 8222 3621 265 2013 113 1 1 1 1 1 1 1 1 1 1 1
2255 4496 8181 13568 387 6178 3343 2867 9273 12874 13149 14822 1 1 1 1 1 1 1 1
5223 18212 7137 19383 13969 6836 6840 11616 15384 15732 11421 18082 13052 18682 19390 8974 347 3840 10573 5362
2098 18045 19548 10151 1619 13584 9445 8685 9233 402 16872 18370 5629 13266 15495 19432 15098 13966 648 9762
12232 11171 19006 4461 4892 15539 3314 7120 17974 12855 11963 9908 5170 8772 2506 16205 4345 3042 845 8549
7572 737 17611 9158 11382 1235 12116 7707 1 1 1 1 1 1 1 1 1 1 1 1
17290 3503 16093 12101 19459 8947 1035 7587 2042 9264 16348 8212 13936 13424 435 15060 7682 8716 11019 1160
16124 14766 13521 8355 10060 9671 16254 5107 570 14828 10046 3180 15929 18834 14150 3756 5327 1701 13816 7586
19617 10857 11009 17376 18569 3032 4232 19270 11586 6832 5908 19379 1791 701 49 6488 12701 128 16969 5950
432 818 4570 19266 828 17662 18314 8892 897 7672 703 13562 12233 18584 6350 1 1 1 1 1
10894 7126 12431 216 11109 7045 6054 13389 11433 17411 8708 18316 4225 1989 19403 4511 14241 3604 3219 13084
6748 8304 7433 7885 1823 10591 10082 5354 10 14986 78 372 1 1 1 1 1 1 1 1
5977 10836 15810 2024 9730 623 9719 7843 8036 740 11440 60 10049 4933 17286 490 5 1 1 1
6978 663 16851 2045 7702 4346 6169 906 8929 18896 10347 12731 7255 15658 11457 14954 15105 1803 7788 15575
414 12262 18381 4468 10259 7424 16987 1717 16955 17230 18903 17120 12820 19806 19098 14739 17811 9428 17593 8697
14631 11218 18724 18050 10917 3010 12866 19465 19813 15502 819 17133 2292 3658 13055 4428 7921 1673 1749 10000
15568 1747 3613 5700 17665 1913 1 1 1 1 1 1 1 1 1 1 1 1 1 1
2275 1513 8542 8973 19620 7395 2167 8958 397 1102 13989 9251 12853 6587 3662 8426 1913 17392 17599 1077
4818 7679 16900 8419 5316 59 19776 12616 13005 10438 1 1 1 1 1 1 1 1 1 1
7584 1841 816 36 19062 1160 1243 1 1 1 1 1 1 1 1 1 1 1 1 1
18847 323 12436 14141 13752 15675 9188 4651 18909 14127 6110 9254 13177 18231 7837 9408 5782 17897 11667 4221
997 15090 18970 15817 7113 484 2567 1 1 1 1 1 1 1 1 1 1 1 1 1
15360 3385 1606 4909 10325 5811 3500 4978 11753 4784 3609 16314 6388 10431 1777 6482 18706 12989 17412 5962
11207 16512 4297 3956 1892 2544 17470 15514 14683 12789 5553 14754 6070 8076 8592 18322 3300 7300 17165 7569
12385 11164 11966 16998 14672 14163 9435 9261 19067 6771 19368 12778 2652 3633 16146 18050 9986 6415 11710 1379
14917 1566 6105 13811 4704 13800 11924 12117 5604 16574 4141 14130 9014 11526 14953 10436 1519 19824 14761 17360
4744 40 6126 11783 8427 10250 4987 13010 7360 14428 16812 2311 19739 1516 10452 19186 2224 11869 614 11216
10223 1081 8549 14340 11505 11029 5798 9406 14003 8618 12412 16901 12811 12976 18820 18416 13509 13445 12778 11259
1723 12770 11930 4604 1821 10482 11728 7152 975 12660 6245 18547 914 18525 6903 16012 18971 2821 1 1
11265 1068 1275 7350 18298 10666 18813 763 14729 6182 13670 18289 4537 15576 6558 16907 3929 1435 940 6114
16324 18627 3517 4965 18021 14095 3186 4681 7809 18993 9724 12478 2801 2031 17051 6733 10269 15414 3289 5362
9309 18834 15194 7748 13781 19386 17837 14674 50 15879 15262 17560 3126 558 14985 11371 14139 211 1 1
7736 1573 13558 12585 8500 6679 17410 3841 6389 8156 1242 9977 5202 645 15699 13184 16192 15193 593 1
15982 16516 1202 9489 8734 1873 1162 18986 9886 5673 4222 15893 3987 6047 1080 13386 17297 6566 18739 2668
6827 10827 1088 11096 5571 5648 17514 18309 9402 4960 18287 14480 11387 858 7488 8315 13853 7236 595 11092
19272 2558 15237 4906 8914 12847 2854 4809 13006 11755 1130 9846 17343 19286 774 796 7073 3397 25 17379
5046 13046 18288 16753 19077 5528 8137 5057 11112 18160 308 10308 1586 13 1 1 1 1 1 1
5751 3500 4141 14743 17071 14099 14173 12112 14168 8354 12763 412 6898 18180 12151 3753 157 1503 9 171
17036 16972 16305 14786 13357 4406 7581 19593 14793 19616 4802 11909 12551 1667 2234 13233 16688 787 17784 9406
9281 5350 17608 19420 2140 15888 8975 1247 11983 9760 17655 17903 13702 226 16727 2147 14987 1045 171 3916
12337 5800 19311 15921 5669 5841 961 7129 5799 10693 9734 5643 8679 11433 537 16931 4371 13512 18077 5760
12534 1600 8685 5902 14563 15809 11233 5056 16741 10326 3059 643 1526 2476 2600 14514 1782 5612 762 11732
5149 5356 1495 1055 14747 19526 4844 18810 1375 17751 2777 8618 19657 10639 242 3201 5516 1222 1360 8443
15852 7598 9046 2528 18176 3043 8762 85 328 13805 2519 126 1 1 1 1 1 1 1 1
2857 19275 11829 384 1 1 1 1 1 1 1 1 1 1 1 1 1 1 1 1
5654 17639 16666 1066 10760 2067 7922 10470 12237 5323 1790 9283 4726 19780 17265 3536 19274 3533 13560 17523
8807 5283 13570 12815 5954 5243 9825 13967 1655 8303 2463 206 1 1 1 1 1 1 1 1
746 5169 15177 9652 9729 3673 3216 562 9041 12918 123 16884 4939 11569 329 1527 11317 2969 15173 9876
6639 19318 8987 12995 16928 1744 8890 17087 15836 2517 13927 13518 5267 4855 4877 11154 7478 18567 3609 18711
17127 2166 13530 18932 9609 12218 9138 15193 3518 4389 14389 5667 3516 17603 6189 9194 19675 1883 1 1
7581 8222 18824 3307 18180 18254 16193 18249 12435 16844 4493 10979 9523 16232 7834 4238 2375 50 1160 906
923 19433 18867 1301 8487 2628 2870 4668 11229 8883 15990 16632 2410 12680 17314 5328 8190 15125 13487 14929
9431 535 410 6221 74 13056 10933 16064 3846 6206 17908 17783 3139 1521 6228 19068 5126 2014 7997 5189
9881 1838 3650 2768 9922 5042 11210 9880 14774 1885 2133 12760 15514 957 5298 8452 17593 9063 9841 1493
5681 3541 9983 18644 3629 15314 9137 9428 739 7140 4724 5471 6557 6681 1161 5863 52 2307 15813 15
9437 5576 1647 18828 39 2516 16477 5456 18300 6858 2289 11713 14720 4323 7282 9597 5303 5441 12524 5652
11679 13127 6609 755 11348 13293 587 47 1 1 1 1 1 1 1 1 1 1 1 1
11966 15910 6332 2406 3037 4620 8212 7304 1803 17547 11288 8720 5362 19533 10977 3725 9678 6997 13115 10985
3505 5558 2092 14841 6148 2985 14551 16318 3573 47 1 1 1 1 1 1 1 1 1 1
1869 896 16896 10035 9324 13906 18048 5736 12384 6544 12149 14209 9242 1495 10107 3504 17971 10830 1753 14121
9250 19258 13733 13810 7754 9 4643 13122 566 4204 19549 9020 15650 1697 5608 15398 766 19254 13957 932
14304 13068 17076 19230 5825 12971 7942 7380 6598 13804 1 1 1 1 1 1 1 1 1 1
3548 17611 18206 13690 16299 13219 1317 66 8470 18470 9748 7597 5719 10270 13275 1 1 1 1 1
12303 9198 7388 1 1 1 1 1 1 1 1 1 1 1 1 1 1 1 1 1
3158 3054 5382 12568 2484 423 8749 1667 65 1 1 1 1 1 1 1 1 1 1 1
4616 3097 10302 4155 17137 9409 3104 7927 10287 220 862 2434 65 1544 1 1 1 1 1 1
5919 7731 6849 14003 9123 15291 294 18855 5966 6214 2013 19595 5038 409 3298 12174 13144 13922 5574 9914
7622 14064 5419 7710 19395 13218 13509 4820 11221 8805 9688 10638 10762 5242 9944 1823 6388 15 762 1
9657 9217 13338 4120 6597 3955 5052 8488 10939 6370 15794 18801 8404 11363 13678 9384 9522 43 9733 5867
17208 10690 3058 15429 16924 7121 1440 6062 10681 3599 7968 19081 18976 18912 15373 920 17605 14154 9215 18036
19495 10413 10844 922 8701 12293 13371 2116 113 1 1 1 1 1 1 1 1 1 1 1
140 9228 18922 10229 7066 18632 8271 7654 16960 7384 5005 7377 3763 6531 15342 2285 16187 14593 18393 14906
4977 5420 14116 13405 17987 6518 548 16465 10625 16230 18290 13323 5576 14188 7585 17529 191 5834 50 15938
1881 1126 17891 11835 11378 2278 17394 4647 8285 13556 13101 19731 5778 9689 19479 11131 18136 18038 15004 14077
3488 7751 11424 9906 17052 12023 12458 10679 19232 3779 6902 13017 13039 19316 15640 12268 3484 15852 6735 5713
2003 1306 17771 19682 17300 5398 4147 12551 2238 13829 11678 2798 14351 17356 4839 6878 9771 20 1 1
14771 11469 2171 529 2880 3504 10552 5866 2700 203 6264 2241 4262 1 1 1 1 1 1 1
7135 9463 16649 19824 16272 12830 746 5155 1645 14486 10572 14477 16721 13490 13030 806 5276 13237 147 18400
7178 14383 8236 17424 13490 7185 12008 14368 4301 4943 11301 991 5625 9080 13288 10176 1798 3240 17672 15455
11812 10930 8280 13204 19372 4375 2152 10047 10295 6094 2241 9119 1824 7379 13 17225 18003 9655 13995 3522
18145 2104 11791 127 17299 17590 3085 15302 12886 1071 14719 14843 9323 14025 5904 10469 2252 117 54 14549
13298 6955 8201 3625 8036 9133 2718 15020 10451 14998 322 1 1 1 1 1 1 1 1 1
14771 7139 19510 4167 11202 2655 10143 14762 1010 12049 3031 13380 402 19454 5001 2587 835 13296 18880 9793
14494 14925 5003 1154 16374 17452 6197 8951 19450 16882 13524 3206 6742 11887 17840 1835 19647 19147 2266 325
10254 15859 14310 11147 4481 12352 11735 14033 11465 9086 11458 7844 10612 19423 6366 5428 1426 131 18987 7287
9501 3152 17486 314 2862 13898 10315 9808 19406 4341 17404 9657 18269 11666 6683 5952 9915 2623 551 10376
5207 8881 15916 15459 6359 2146 695 12366 460 2520 4745 9859 13770 1 1 1 1 1 1 1
2044 2121 13987 14782 5875 1433 14760 10953 7860 10983 3961 1705 458 1 1 1 1 1 1 1
5387 9320 15255 1282 9479 8228 16632 6319 17910 15759 6879 18432 3546 8920 10959 13852 11103 9463 19616 10404
15550 2001 4610 1530 7585 14956 2999 6781 3426 16167 9995 10759 16481 14618 18085 10090 18033 10504 18086 5792
13544 10572 10646 15113 10641 4827 9236 5726 18567 14653 18558 226 17571 17111 85 5673 17318 4228 2393 2415
18464 879 4054 17571 11266 16089 18449 8382 9024 16550 5072 9706 13161 17369 14257 5879 7321 7076 19536 12420
7651 17341 5673 7003 6523 2703 7273 4414 19045 11771 16420 9851 3597 7027 7406 74 1 1 1 1
4362 16823 2365 13320 34 11221 4022 7811 6701 5808 7338 14745 18058 9865 7900 15467 8230 3638 13861 18496
1911 13296 5793 3852 3975 11758 5251 65 9 13575 18310 8699 320 12 1 1 1 1 1 1
4953 2823 1509 10814 5340 232 11724 13134 9261 12542 8285 18660 13564 12559 9605 14781 8630 3058 5459 5987
2350 6150 2663 13903 8555 2593 6266 11899 8144 16811 12637 9326 11016 11395 16413 9454 549 12183 11181 10106
18988 5959 14411 11146 17271 2101 7124 10447 14151 8711 13543 6916 1418 2501 1112 6965 7969 8650 2040 3108
5795 2761 13321 15324 13700 13074 14402 9206 19668 1428 11154 11919 17390 15118 19662 3738 12833 8815 9964 14451
14630 12990 19293 13931 14715 5134 1347 6523 2829 1 1 1 1 1 1 1 1 1 1 1
640 14031 3292 9319 8949 18419 7705 18418 14024 18765 15693 5314 1121 1 1 1 1 1 1 1
1709 7755 1762 5942 11480 9649 15847 5346 7859 4690 11660 10575 1728 10170 6106 13316 2867 4705 1156 5879
10848 10603 6157 15947 4906 15057 9916 6103 63 4324 6756 18583 15337 5100 2232 11171 11615 5900 3441 3569
17263 5429 3212 15545 4448 3287 9524 16662 9655 2223 10570 12957 16768 2651 14049 11781 9845 2379 17062 9019
7725 8802 1923 722 15508 8833 13431 14069 16878 11463 2044 2208 10495 19286 3973 11097 19487 1757 5575 16899
19578 3770 9571 14100 349 11354 8495 17643 15852 17500 4617 7678 11108 11487 1227 9466 1783 5367 12275 11871
1571 6446 17401 2864 15302 8103 11892 10782 9889 650 18826 7885 13946 11981 19548 19608 7719 17942 14146 502
1053 9874 7933 8056 15839 9332 10830 924 5703 6437 12780 2288 15238 2490 2241 7333 8746 2744 14392 7782
6904 3044 14895 9421 4313 15805 17215 13342 16623 12366 1620 1 1 1 1 1 1 1 1 1
10231 6744 17984 12636 6674 10347 15980 3599 18107 16718 13407 15097 15476 8096 13535 4630 17479 15262 547 2470
10040 18492 15227 5875 6182 11205 1965 18232 1041 17624 10997 5499 6582 5193 16032 233 12731 6121 7189 4916
6842 17402 2289 17781 1805 18483 13287 18470 5509 15235 16000 13922 19199 4774 7819 16914 12896 14045 18532 6710
17071 971 18012 18796 9215 5428 10604 6910 2795 7566 7686 7338 13166 3892 1850 18780 6017 15543 13634 19448
18112 7373 13400 13030 14216 11786 15921 1230 11319 19774 1497 4840 5732 2939 19026 248 6708 14549 1 1
11836 5843 10023 15561 2649 1559 2648 11940 8771 15741 14656 5809 14251 10187 2771 6924 8786 5237 9960 12646
14684 10238 19451 8987 19138 2133 17219 4783 8405 10837 10903 19418 9181 6313 15252 15696 9981 19675 7650 18382
9510 15211 19626 8529 7368 13605 7223 13736 6304 14651 17038 15767 6732 18130 15862 7211 6460 3380 13100 18287
5833 6004 4803 19589 6141 17512 4506 7226 15544 6125 38 998 2701 8054 15178 9119 5838 9656 10642 788
13835 13652 14685 4430 15435 12576 18536 10133 1263 5334 11759 15189 15568 5308 13547 5864 9448 16356 1129 2293
10527 522 19830 19383 12184 15973 14863 82 4731 3190 14621 18027 16062 9647 2330 11800 6499 18227 4583 6239
13955 1631 12137 18918 13413 19561 8846 522 62 3056 6369 19319 5270 3778 11414 1 1 1 1 1
7125 18976 13502 69 11914 10892 17423 19467 6621 1116 3462 117 314 12074 5088 11220 6133 14149 1 1
10825 15558 16717 10755 35 1445 3329 853 595 17488 19178 870 12177 17616 8711 3996 19343 1467 18162 15247
11857 19308 1960 10263 15286 210 740 5122 948 15078 983 10663 9274 15127 16131 16812 10202 11270 8997 5922
13426 1421 5582 5886 8589 17368 2462 9590 19316 2184 18236 11430 1106 11900 627 1160 9 30 1 1
1632 3635 8745 13296 9509 14685 10991 16284 11647 11767 11419 3429 7973 5931 1144 8104 19624 2762 5304 7387
11454 17481 3026 18297 15867 948 5311 15400 18 5578 8921 9813 7020 1588 16583 10789 13129 19630 4529 3032
9924 14104 19642 6730 7901 6729 258 559 1 1 1 1 1 1 1 1 1 1 1 1
14319 10858 13068 10949 4158 14265 8864 12486 14918 14984 12396 13262 10394 19333 19777 14062 11603 11731 3442 12408
19292 19567 12610 11449 17686 1449 17817 10385 18732 6894 19848 10813 3269 8402 11292 10541 3905 17181 2612 12622
10085 3856 5025 10222 2481 8587 11307 4455 1 1 1 1 1 1 1 1 1 1 1 1
17733 18766 3819 19516 16657 2380 14214 5344 9415 15840 19270 19649 9389 17628 9945 13529 2241 5210 8504 18705
4603 2411 316 16265 18050 18944 4163 8812 2243 16047 13180 16956 13728 6411 15881 10580 586 182 10320 13629
5712 16218 3613 17494 203 12927 2939 18 1 1 1 1 1 1 1 1 1 1 1 1
346 17583 4150 15995 14973 18747 5967 10702 1091 7543 3549 9169 2065 9169 15301 10214 18230 11494 15601 7753
3206 4110 14836 4116 5526 1653 4934 677 11052 13554 330 59 7173 1022 63 18423 49 1 1 1
6295 947 14344 19367 4291 536 9203 5029 19159 3408 14744 13355 1846 275 4575 14283 15351 2392 10959 18562
3538 9663 9967 12670 2839 6543 13671 5935 2084 110 1 1 1 1 1 1 1 1 1 1
7716 12826 17377 13590 18766 15072 10957 15728 15848 15500 7510 12054 10012 5225 1207 2356 6843 1 1 1
6323 7107 14230 19537 5029 9392 514 13022 9659 13002 13894 11101 1090 18847 14870 3854 1945 8610 7113 7397
18185 1341 10811 97 10810 6416 16933 8085 15110 13971 16732 18349 10933 813 5059 13399 3860 3503 18930 18521
14939 3872 2041 8239 18346 251 16567 18999 2967 3660 2562 14475 177 12512 18143 1 1 1 1 1
8339 2036 15530 2308 5530 18874 14466 4751 10975 7729 14894 7350 222 1 1 1 1 1 1 1
7937 9106 14303 1916 9054 2047 8536 2962 5349 9160 10863 16216 4173 2237 14000 17818 1411 6598 3851 3433
2928 7900 16865 19692 6461 18295 3855 13496 8808 2887 12522 13470 3489 6960 949 1 1 1 1 1
2996 3206 3746 887 15518 8244 12893 6324 70 3500 3879 17809 1858 6068 14661 4667 4263 14401 2935 255
8141 7694 495 4284 3174 2281 3811 11218 14531 17362 4373 11940 19576 111 10334 6538 8241 18107 16195 17757
448 8231 1724 3222 17553 15676 14783 5172 11624 7630 13250 6146 13250 19382 14295 6784 15575 19682 11834 13119
1813 18917 8197 9607 5734 9015 2392 1058 17635 1 1 1 1 1 1 1 1 1 1 1
5028 18425 2739 8372 4617 13284 9110 5799 7489 18825 17436 5927 4356 8656 18364 135 1 1 1 1
13744 14048 16751 6920 10624 17752 10016 3389 3295 19592 9268 3438 4442 5123 5077 2545 18953 1813 2792 14082
16907 9547 17671 5679 19153 15038 19809 8392 19581 11591 16135 211 191 1 1 1 1 1 1 1
11188 18311 17023 2996 13473 4595 17103 13740 17083 17975 15182 9750 12491 18951 7935 6026 12691 11194 11478 13558
5422 14892 4178 14891 10497 64 12166 2567 65 4617 1 1 1 1 1 1 1 1 1 1
7953 6122 12320 1819 4332 18660 17893 7048 7741 6643 18556 9789 16593 1178 19765 2352 5038 3160 2751 8552
1379 19611 6389 2576 3376 797 3229 19717 11810 18975 11431 7644 8088 18703 12067 42 1152 1 1 1
7790 17928 6462 3782 15693 9304 6354 385 35 13509 97 345 1 1 1 1 1 1 1 1
11768 11516 19722 3850 14558 12083 14707 7512 242 14847 1 1 1 1 1 1 1 1 1 1
19102 8828 3397 1433 1563 19743 106 1 243 1 1 1 1 1 1 1 1 1 1 1
7122 3358 13112 18286 13166 18781 3860 7035 17572 9643 17109 15725 9894 3418 8483 630 6183 11585 7078 4748
10000 17611 283 10098 11863 15931 19450 123 15172 829 15552 8953 18909 13366 524 11436 13956 3594 16290 13849
835 6422 6319 17609 6893 10584 1476 10366 386 5600 15951 9200 5339 3203 18935 2683 1191 10626 3041 16132
2629 19076 18693 8790 19051 7897 7668 18712 3205 12974 13695 8744 1027 10266 493 14029 14782 16846 1553 48
16218 2808 15005 17085 19370 10790 1328 13037 2907 6200 3741 1259 7178 14847 15992 11069 7832 16325 3023 12057
11111 13539 16964 10456 6751 580 10952 17302 17299 16133 10913 724 404 11627 4483 1 1 1 1 1
8565 6687 6278 7006 4622 18961 9719 8345 13688 949 1 1 1 1 1 1 1 1 1 1
14301 4246 16977 4482 6977 2013 11405 12717 11677 13701 16391 19422 50 14991 5730 18615 3195 17108 2433 6873
14206 4460 11041 4931 18751 2856 9343 19410 12852 6380 13140 1322 8794 12429 3957 8927 19693 7740 5643 17062
7236 7951 12115 10619 10936 14472 13421 14976 16709 12153 10879 9847 6754 167 4274 7807 13448 18108 3538 2078
13699 10543 7863 19774 13385 10435 10223 14452 17590 2156 4247 11473 9538 16742 16644 19041 222 728 3747 14466
2158 13582 5069 18639 16164 18788 11593 467 14218 4929 13677 5983 14170 11784 11288 6248 11626 8637 3178 1320
12909 3952 5514 730 5610 4187 9401 4324 12500 15711 13328 5000 6216 11763 9046 1529 9802 14412 3759 3451
7439 19491 876 17247 3973 7941 11116 3819 13724 1570 19806 3640 7499 12564 4711 10264 15666 11159 8829 13034
16149 4364 2516 15944 3011 1119 4204 19253 16161 19633 13034 15080 1584 3667 652 914 1160 1 1 1
1841 10400 4370 10974 14665 5557 14447 4467 9681 11153 14 3139 7284 10444 6764 5272 14707 287 1 1
3064 18999 1839 1331 11978 11749 14991 7286 17055 17776 12825 5108 14347 4574 717 18863 18051 5634 4129 16325
3306 2923 14211 3281 14871 372 1 1 1 1 1 1 1 1 1 1 1 1 1 1
17343 1988 1315 3600 3389 15033 1532 7661 16492 14994 7566 4485 15708 8564 15420 16665 555 2047 4334 2047
10768 10359 11087 8703 11753 13800 1532 2540 363 646 19140 16617 15182 8008 14029 3893 16139 11122 15218 1160
8327 18053 8563 11058 3191 1238 16798 15758 17782 19410 14263 4131 1459 9811 5315 7276 14101 4044 10954 2699
8541 15122 9012 14219 6937 13424 13484 16933 10461 621 5403 12875 16510 8038 13008 10703 1338 9724 8811 2992
12032 16196 14700 15017 379 2189 19057 1983 16234 14960 13928 10835 6054 264 149 17529 9304 7619 1292 12033
14624 11944 14421 17466 14516 14304 18533 19017 6237 8328 15554 13619 8284 11472 193 4303 2338 7828 691 9168
17663 2344 4004 17402 11577 15674 685 1820 9010 17758 10064 18251 972 15369 3271 15707 12718 7259 5401 11174
8033 9595 2869 394 3018 13482 8405 3158 19792 17409 9081 10297 15844 13127 5610 13883 18493 19415 7532 2612
3672 589 17380 8054 12022 15197 7900 17805 5651 843 7721 11580 16645 8792 14345 19747 15240 12910 17115 1652
8445 6597 10744 7092 2476 8285 5883 504 5420 17115 19161 5665 7748 4733 13406 11756 5017 4280 10715 13994
14481 8451 174 18746 9638 1985 3483 13762 3863 4095 7220 11365 14525 12029 9353 2494 11203 212 5304 1
1433 5920 5412 16059 15830 19072 11367 12255 4262 16906 9189 18428 8655 4798 4132 17114 341 8210 11470 332
7004 13257 7362 18952 9490 16724 11069 1285 2006 9421 15340 4253 11853 19231 3093 5157 11185 15159 555 14927
3316 10820 7681 627 19114 1348 1923 5357 19075 768 8566 3158 12645 19501 15939 4636 5322 368 16205 2039
14440 15168 12784 15834 17881 5613 6621 6752 4727 13598 13351 39 12089 1831 7974 17897 15203 19299 2977 16621
1380 390 2827 7272 19567 8941 9978 3522 12336 3370 8212 5540 13892 1160 1129 369 1 1 1 1
19203 13093 14631 11018 17505 1028 11515 14542 4702 9484 1035 3302 12119 9832 11265 5419 13805 12892 7073 14573
14584 18781 19098 2911 7665 11417 1163 7761 9169 18009 14916 740 12436 15969 5319 13385 11700 5373 1074 18458
426 372 9 490 30 671 1 1 1 1 1 1 1 1 1 1 1 1 1 1
6425 8085 1696 1870 19755 2763 5901 13091 18993 14145 1551 5053 19450 7352 19788 16799 11340 9482 15255 9072
13676 6950 4475 7099 17563 12486 7239 13218 1988 13162 14378 95 1798 9691 17964 14187 857 65 243 876
9038 17247 12135 16103 19278 3961 811 9732 1639 11802 15661 18056 12873 18426 6521 2723 16991 15464 5733 721
10678 14825 11173 6557 12366 9964 2035 9501 8117 2286 9746 875 8814 17487 3977 2657 2925 1345 18075 9193
12532 4255 13948 13719 3389 7564 1031 7944 235 11301 15446 18606 3828 13434 6575 15284 6241 9302 587 15314
10001 9493 2976 13403 2758 15448 16336 8343 2910 13270 17177 12736 2622 2195 3018 4422 12291 15551 4413 4023
1182 11443 18143 60 11104 15150 5366 6087 13502 19421 2658 1743 18564 7174 9238 84 19240 4636 19008 11120
14901 11762 3182 14823 5429 6004 9438 18181 12967 12647 7239 16726 3461 224 8717 9403 4449 12213 6120 2793
19249 16865 12956 3344 9694 10702 8525 3305 17679 17432 4019 16170 3731 12055 7395 19284 7247 7058 13214 9056
4471 6908 11353 2111 13022 14059 7603 33 7451 12293 9621 17973 2340 15438 4450 132 3529 10861 851 15789
17174 3627 15099 3797 5109 14153 18623 8783 13565 5116 7383 16200 13913 1820 9500 17886 1357 11154 18654 3026
12785 12864 6992 1735 15498 5244 10793 13250 2996 18997 4821 2931 1319 9400 17466 15781 9454 5155 9705 18002
3011 3328 12744 5813 7368 15235 14399 3271 2239 3198 16446 19634 199 12465 10500 15990 2151 344 2688 13785
12166 5777 2827 2615 6844 9982 17172 1772 18226 1930 9134 9036 11433 11860 15435 15421 13563 19336 661 10941
12973 8556 11180 3985 16567 11320 17299 6069 17243 18459 4176 3680 13772 4018 1029 4938 15694 10774 4957 6773
577 16216 10499 1793 8042 4892 13813 5720 15883 19742 4155 16954 14999 2194 6804 9844 3716 9814 4802 15203
18906 15254 333 16447 14045 6116 13582 12198 6367 13827 4956 206 1 1 1 1 1 1 1 1
8336 18029 17800 7470 11645 8553 12025 12257 7472 19527 1155 7909 17515 67 19365 10322 13383 2305 19395 8905
3366 7057 17484 6839 19529 2073 12424 5673 17351 3044 16817 6703 6276 431 9 1 1 1 1 1
15524 4370 4141 15185 19231 9447 10168 17583 5259 12415 5824 2731 11255 13319 19347 12909 8717 7173 15201 4240
15843 7263 19269 9510 10085 2673 214 19809 3651 11320 12465 7542 4305 12798 13484 8530 16294 10201 6874 5007
3224 17037 7425 13775 53 12606 7386 15464 3433 8100 956 7812 16136 11476 9122 11328 11139 17295 13137 11997
1095 15434 6192 17103 18140 11684 5071 11532 16374 13702 400 3406 19519 8531 3514 7610 14942 15135 4981 16413
3450 18719 7878 9190 18234 10174 12864 17646 9197 11464 15736 17994 5901 13581 16513 3346 15235 14368 19 12688
